[M1_KNN_data]
Labels : Red Orange Yellow Green Blue Purple 
 
Features : h s v 
Red ---------- 
> 140 127 144 
> 142 147 156 
> 142 154 160 
> 143 66 120 
> 143 163 165 
> 143 163 166 
> 143 167 168 
> 143 174 172 
> 145 156 154 
> 145 166 158 
> 145 196 185 
> 145 207 185 
> 146 177 140 
> 146 197 203 
> 146 201 198 
> 146 203 182 
> 146 206 187 
> 146 208 179 
> 146 209 173 
> 146 210 203 
> 146 219 193 
> 147 246 212 
> 150 255 238 
> 155 255 255 
> 155 255 255 
> 142 132 144 
> 145 207 189 
> 146 222 197 
> 140 90 119 
> 140 95 122 
> 147 245 212 
> 146 225 200 
> 146 222 198 
> 145 198 184 
> 145 192 180 
Orange ---------- 
> 131 171 184 
> 131 171 184 
> 131 171 184 
> 131 171 184 
> 131 171 184 
> 131 171 184 
> 131 171 184 
> 131 171 184 
> 131 171 184 
> 131 171 184 
> 131 171 184 
> 131 171 184 
> 131 173 186 
> 131 177 185 
> 131 177 192 
> 131 179 181 
> 131 184 183 
> 131 189 189 
> 131 189 191 
> 131 190 186 
> 131 190 189 
> 132 98 141 
> 132 164 181 
> 132 173 188 
> 132 173 203 
> 132 175 180 
> 132 175 189 
> 132 175 194 
> 132 177 187 
> 132 177 195 
> 131 193 197 
> 131 172 184 
> 131 172 184 
> 131 172 184 
> 131 172 184 
> 131 172 184 
> 131 172 184 
> 131 172 184 
> 131 172 184 
> 131 172 184 
> 131 172 184 
> 131 172 184 
> 131 172 184 
> 131 172 184 
> 131 172 184 
> 131 172 184 
> 131 172 184 
> 131 172 184 
> 131 172 184 
Yellow ---------- 
> 109 178 133 
> 109 212 139 
> 110 119 99 
> 110 182 136 
> 110 186 138 
> 110 187 138 
> 110 188 139 
> 110 188 139 
> 110 229 143 
> 111 170 128 
> 111 172 130 
> 111 190 140 
> 111 194 142 
> 111 194 143 
> 111 198 145 
> 112 199 146 
> 112 200 146 
> 112 237 161 
> 113 174 124 
> 113 213 153 
> 113 221 151 
> 111 195 140 
> 110 190 137 
> 111 195 140 
> 110 188 136 
> 110 189 137 
> 110 189 137 
> 110 189 137 
> 111 195 140 
> 111 194 139 
> 110 190 137 
> 111 195 140 
> 111 195 140 
> 110 189 137 
> 110 192 138 
Green ---------- 
> 62 254 131 
> 63 229 140 
> 63 254 137 
> 64 23 177 
> 64 120 127 
> 64 155 133 
> 64 220 137 
> 65 155 133 
> 65 157 133 
> 65 161 134 
> 65 161 134 
> 65 161 134 
> 65 163 134 
> 65 163 134 
> 65 165 135 
> 65 165 135 
> 65 167 135 
> 65 168 136 
> 65 194 145 
> 66 173 137 
> 67 67 126 
> 67 196 142 
> 69 147 150 
> 69 148 131 
> 66 199 143 
> 67 225 148 
> 68 255 160 
> 69 255 161 
> 71 255 178 
> 51 0 55 
> 44 0 13 
> 44 0 10 
> 45 0 18 
> 68 255 158 
> 62 73 118 
> 67 236 151 
> 66 197 143 
> 66 194 142 
> 66 213 146 
Blue ---------- 
> 43 223 162 
> 44 176 131 
> 44 189 142 
> 45 108 149 
> 45 116 131 
> 45 125 147 
> 46 100 153 
> 46 101 158 
> 46 135 157 
> 47 87 162 
> 48 129 152 
> 48 130 153 
> 48 131 153 
> 48 132 153 
> 48 132 153 
> 48 134 153 
> 49 136 154 
> 49 137 154 
> 49 137 154 
> 49 138 154 
> 49 141 155 
> 50 142 155 
> 50 145 155 
> 43 81 137 
> 51 200 168 
> 43 78 136 
> 54 246 181 
> 44 104 143 
> 44 99 142 
> 45 112 145 
> 45 112 145 
> 45 118 147 
> 47 141 153 
> 47 145 154 
> 46 120 147 
> 47 147 154 
> 47 144 153 
> 46 124 148 
Purple ---------- 
> 151 97 112 
> 152 80 127 
> 155 111 134 
> 156 76 122 
> 158 92 152 
> 161 83 126 
> 162 85 127 
> 162 85 127 
> 162 85 127 
> 163 86 127 
> 164 87 128 
> 166 98 137 
> 169 134 159 
> 170 97 133 
> 172 98 115 
> 179 119 138 
> 180 43 111 
> 181 73 121 
> 181 106 132 
> 181 118 134 
> 174 108 139 
> 157 76 119 
> 169 99 133 
> 162 85 125 
> 165 91 128 
> 166 92 129 
> 166 92 129 
> 166 92 129 
> 166 92 129 
> 166 92 129 
> 166 92 129 
> 166 92 129 
> 166 92 129 
