[Parking_60_7381_KNN_data]
Labels : Orange Blue Yellow 
 
Features : h s v 
Orange ---------- 
> 132 153 172 
> 132 153 172 
> 132 153 172 
> 132 153 172 
> 132 153 172 
> 132 153 173 
> 132 153 173 
> 132 153 174 
> 132 153 174 
> 132 153 174 
> 132 153 175 
> 132 153 175 
> 132 154 173 
> 132 154 173 
> 132 154 173 
> 132 154 173 
> 132 154 173 
> 132 154 173 
> 132 154 173 
> 132 154 173 
> 132 154 173 
> 132 154 173 
> 132 154 173 
> 132 154 174 
> 132 154 175 
> 132 155 173 
> 132 155 173 
> 132 155 173 
> 132 155 174 
> 132 156 173 
> 132 156 174 
> 132 156 174 
> 132 156 174 
> 132 153 172 
> 132 153 172 
> 132 152 172 
> 132 154 174 
> 132 155 174 
> 132 154 173 
> 132 153 173 
> 132 153 173 
> 132 154 173 
> 132 154 173 
> 132 153 173 
> 132 153 173 
> 132 154 173 
> 132 153 173 
> 132 153 173 
> 132 153 173 
> 132 154 173 
> 132 153 173 
> 132 154 173 
> 132 153 173 
> 132 154 173 
> 132 153 173 
Blue ---------- 
> 40 254 181 
> 40 254 182 
> 40 254 182 
> 40 254 182 
> 40 254 182 
> 40 254 182 
> 40 254 182 
> 40 254 182 
> 40 254 182 
> 40 254 182 
> 40 254 182 
> 40 254 182 
> 40 254 182 
> 40 254 182 
> 40 254 182 
> 40 254 182 
> 40 254 182 
> 40 254 182 
> 40 254 182 
> 40 254 182 
> 40 254 182 
> 40 254 183 
> 40 254 183 
> 40 254 183 
> 40 254 183 
> 40 254 184 
> 40 254 184 
> 40 254 184 
> 40 254 184 
> 40 254 185 
> 40 254 185 
> 40 254 185 
> 40 254 186 
> 40 254 181 
> 40 254 184 
> 40 254 183 
> 40 254 181 
> 40 254 181 
> 40 254 183 
> 40 254 181 
> 40 254 184 
> 40 254 183 
> 40 254 182 
> 40 254 183 
> 40 254 183 
> 40 254 182 
> 40 254 182 
> 40 254 182 
> 40 254 182 
> 40 254 182 
> 40 254 182 
> 40 254 182 
> 40 254 182 
> 40 254 182 
> 40 254 182 
Yellow ---------- 
> 109 164 128 
> 109 164 128 
> 109 164 128 
> 109 164 128 
> 109 164 128 
> 109 164 128 
> 109 164 128 
> 109 164 128 
> 109 164 128 
> 109 164 128 
> 109 164 128 
> 109 164 129 
> 109 164 129 
> 109 164 129 
> 109 164 129 
> 109 164 129 
> 109 164 129 
> 109 164 129 
> 109 165 129 
> 109 165 129 
> 109 167 123 
> 109 177 123 
> 109 178 121 
> 110 163 122 
> 110 163 132 
> 110 165 135 
> 110 166 129 
> 110 167 132 
> 110 167 132 
> 110 169 122 
> 110 169 131 
> 110 169 132 
> 110 171 132 
> 110 171 133 
> 110 175 136 
> 111 181 141 
> 106 146 111 
> 105 138 104 
> 106 146 111 
> 112 192 151 
> 110 176 138 
> 109 168 130 
> 109 167 129 
> 108 163 126 
> 109 168 130 
> 109 170 132 
> 108 157 121 
> 108 160 123 
> 108 162 125 
> 109 170 132 
> 109 169 131 
> 109 170 132 
> 108 160 123 
> 110 174 136 
> 107 151 115 
