[All_400_8444_KNN_data]
Labels : Red Orange Yellow Green Blue Purple Black White 
 
Features : h s v 
Red ---------- 
> 144 173 214 
> 144 177 205 
> 144 178 204 
> 144 178 208 
> 144 179 204 
> 144 179 204 
> 144 179 219 
> 144 179 219 
> 144 179 219 
> 144 179 220 
> 144 180 210 
> 144 180 221 
> 144 181 212 
> 144 181 217 
> 144 181 218 
> 144 182 205 
> 144 182 219 
> 144 183 207 
> 144 183 216 
> 144 183 217 
> 144 183 218 
> 144 184 221 
> 144 184 222 
> 144 185 194 
> 144 185 205 
> 144 185 210 
> 144 185 211 
> 144 185 215 
> 144 185 219 
> 144 186 191 
> 144 186 210 
> 144 186 212 
> 144 186 214 
> 144 186 215 
> 144 186 217 
> 144 187 210 
> 144 187 210 
> 144 187 214 
> 144 187 216 
> 144 187 216 
> 144 188 198 
> 144 188 210 
> 144 188 211 
> 144 188 217 
> 144 188 220 
> 144 189 198 
> 144 189 202 
> 144 189 209 
> 144 189 213 
> 144 190 203 
> 144 190 203 
> 144 190 205 
> 144 190 210 
> 144 190 211 
> 144 190 213 
> 144 190 215 
> 144 191 202 
> 144 191 203 
> 144 191 206 
> 144 191 208 
> 144 191 209 
> 144 191 209 
> 144 191 210 
> 144 191 210 
> 144 191 210 
> 144 191 211 
> 144 191 211 
> 144 191 212 
> 144 191 213 
> 144 191 214 
> 144 191 215 
> 144 191 217 
> 144 192 200 
> 144 192 200 
> 144 192 203 
> 144 192 203 
> 144 192 207 
> 144 192 208 
> 144 192 209 
> 144 192 210 
> 144 192 211 
> 144 192 211 
> 144 192 212 
> 144 193 200 
> 144 193 200 
> 144 193 203 
> 144 193 204 
> 144 193 209 
> 144 193 209 
> 144 193 209 
> 144 193 209 
> 144 193 210 
> 144 193 210 
> 144 193 211 
> 144 193 211 
> 144 194 201 
> 144 194 204 
> 144 194 205 
> 144 194 209 
> 144 194 210 
> 144 194 212 
> 144 194 212 
> 144 194 212 
> 144 194 213 
> 144 194 213 
> 144 194 214 
> 144 194 215 
> 144 194 216 
> 144 195 195 
> 144 195 198 
> 144 195 200 
> 144 195 201 
> 144 195 203 
> 144 195 203 
> 144 195 204 
> 144 195 204 
> 144 195 208 
> 144 195 210 
> 144 195 211 
> 144 195 211 
> 144 195 211 
> 144 195 212 
> 144 195 212 
> 144 195 212 
> 144 195 212 
> 144 195 213 
> 144 196 202 
> 144 196 204 
> 144 196 206 
> 144 196 207 
> 144 196 208 
> 144 196 209 
> 144 196 210 
> 144 196 210 
> 144 196 211 
> 144 196 212 
> 144 196 212 
> 144 196 212 
> 144 196 212 
> 144 196 213 
> 144 196 215 
> 144 196 215 
> 144 196 215 
> 144 196 215 
> 144 197 188 
> 144 197 201 
> 144 197 201 
> 144 197 202 
> 144 197 207 
> 144 197 209 
> 144 197 209 
> 144 197 211 
> 144 197 212 
> 144 197 212 
> 144 197 212 
> 144 197 213 
> 144 197 215 
> 144 198 188 
> 144 198 197 
> 144 198 197 
> 144 198 206 
> 144 198 206 
> 144 198 207 
> 144 198 209 
> 144 198 209 
> 144 198 209 
> 144 198 210 
> 144 198 211 
> 144 198 211 
> 144 198 211 
> 144 198 212 
> 144 198 213 
> 144 198 213 
> 144 198 213 
> 144 199 189 
> 144 199 195 
> 144 199 207 
> 144 199 209 
> 144 199 209 
> 144 199 209 
> 144 199 210 
> 144 199 211 
> 144 199 211 
> 144 199 211 
> 144 199 211 
> 144 199 211 
> 144 199 211 
> 144 200 189 
> 144 200 195 
> 144 200 203 
> 144 200 206 
> 144 200 209 
> 144 200 209 
> 144 200 209 
> 144 200 210 
> 144 200 210 
> 144 200 211 
> 144 200 212 
> 144 200 215 
> 144 200 219 
> 144 201 196 
> 144 201 207 
> 144 201 209 
> 144 201 213 
> 144 201 218 
> 144 202 191 
> 144 202 205 
> 144 202 207 
> 144 202 209 
> 144 202 211 
> 144 202 212 
> 144 202 216 
> 144 202 216 
> 144 203 201 
> 144 203 201 
> 144 203 204 
> 144 203 215 
> 144 205 200 
> 144 205 213 
> 144 195 210 
> 144 189 204 
> 144 193 209 
> 144 192 208 
> 144 193 209 
> 144 193 209 
> 144 193 209 
> 144 193 209 
> 144 193 208 
> 144 193 208 
> 144 193 208 
> 144 193 208 
> 144 193 208 
> 144 193 208 
> 144 193 208 
> 144 193 208 
> 144 193 208 
> 144 193 208 
> 144 193 208 
> 144 193 208 
> 144 193 208 
> 144 193 208 
> 144 193 208 
> 144 193 208 
> 144 193 208 
> 144 193 208 
> 144 193 208 
> 144 193 208 
> 144 193 208 
> 144 193 208 
> 144 193 208 
> 144 193 208 
> 144 193 208 
> 144 193 208 
> 144 193 208 
> 144 193 208 
> 144 193 208 
> 144 193 208 
> 144 193 208 
> 144 193 208 
> 144 193 208 
> 144 193 208 
> 144 193 208 
> 144 193 208 
> 144 193 208 
> 144 193 208 
> 144 193 208 
> 144 193 208 
> 144 193 208 
> 144 193 208 
> 144 193 208 
> 144 193 208 
> 144 193 208 
> 144 193 208 
> 144 193 208 
> 144 193 208 
> 144 193 208 
> 144 193 208 
> 144 193 208 
> 144 193 208 
> 144 193 208 
> 144 193 208 
> 144 193 208 
> 144 193 208 
> 144 193 208 
> 144 193 208 
> 144 193 208 
> 144 193 208 
> 144 193 208 
> 144 193 208 
> 144 193 208 
> 144 193 208 
> 144 193 208 
> 144 193 208 
> 144 193 208 
> 144 193 208 
> 144 193 208 
> 144 193 208 
> 144 193 208 
> 144 193 208 
> 144 193 208 
> 144 193 208 
> 144 193 208 
> 144 193 208 
> 144 193 208 
> 144 193 208 
> 144 193 208 
> 144 193 208 
> 144 193 208 
> 144 193 208 
> 144 193 208 
> 144 193 208 
> 144 193 208 
> 144 193 208 
> 144 193 208 
> 144 193 208 
> 144 193 208 
> 144 193 208 
> 144 193 208 
> 144 193 208 
> 144 193 208 
> 144 193 208 
> 144 193 208 
> 144 193 208 
> 144 193 208 
> 144 193 208 
> 144 193 208 
> 144 193 208 
> 144 193 208 
> 144 193 208 
> 144 193 208 
> 144 193 208 
> 144 193 208 
> 144 193 208 
> 144 193 208 
> 144 193 208 
> 144 193 208 
> 144 193 208 
> 144 193 208 
> 144 193 208 
> 144 193 208 
> 144 193 208 
> 144 193 208 
> 144 193 208 
> 144 193 208 
> 144 193 208 
> 144 193 208 
> 144 193 208 
> 144 193 208 
> 144 193 208 
> 144 193 208 
> 144 193 208 
> 144 193 208 
> 144 193 208 
> 144 193 208 
> 144 193 208 
> 144 193 208 
> 144 193 208 
> 144 193 208 
> 144 193 208 
> 144 193 208 
> 144 193 208 
> 144 193 208 
> 144 193 208 
> 144 193 208 
> 144 193 208 
Orange ---------- 
> 127 193 165 
> 127 194 165 
> 127 195 166 
> 127 195 166 
> 127 195 168 
> 127 195 169 
> 127 196 168 
> 127 196 169 
> 127 197 165 
> 127 197 166 
> 127 197 167 
> 127 197 167 
> 127 197 168 
> 127 197 172 
> 127 197 178 
> 127 198 162 
> 127 198 167 
> 127 199 165 
> 127 199 168 
> 127 200 168 
> 127 200 169 
> 127 200 170 
> 127 200 173 
> 127 200 173 
> 127 201 166 
> 127 201 170 
> 127 201 170 
> 127 201 171 
> 127 201 171 
> 127 202 171 
> 127 202 171 
> 127 202 171 
> 127 202 171 
> 127 203 170 
> 127 205 169 
> 127 208 166 
> 127 208 168 
> 127 208 169 
> 127 208 171 
> 127 208 171 
> 127 210 166 
> 127 210 168 
> 127 210 171 
> 127 210 171 
> 127 211 181 
> 128 167 162 
> 128 171 172 
> 128 172 167 
> 128 172 170 
> 128 174 173 
> 128 175 164 
> 128 175 171 
> 128 175 172 
> 128 176 159 
> 128 176 171 
> 128 178 161 
> 128 178 161 
> 128 178 175 
> 128 179 161 
> 128 179 163 
> 128 179 168 
> 128 180 180 
> 128 181 167 
> 128 182 169 
> 128 182 169 
> 128 183 164 
> 128 183 164 
> 128 183 172 
> 128 184 169 
> 128 185 166 
> 128 185 167 
> 128 186 167 
> 128 186 167 
> 128 186 179 
> 128 186 182 
> 128 186 182 
> 128 187 167 
> 128 187 173 
> 128 187 173 
> 128 187 180 
> 128 188 162 
> 128 188 164 
> 128 188 168 
> 128 188 175 
> 128 188 176 
> 128 188 179 
> 128 188 180 
> 128 188 180 
> 128 188 180 
> 128 188 181 
> 128 188 182 
> 128 189 164 
> 128 189 172 
> 128 189 172 
> 128 189 179 
> 128 189 180 
> 128 189 180 
> 128 189 182 
> 128 190 166 
> 128 190 169 
> 128 190 174 
> 128 190 180 
> 128 190 186 
> 128 190 186 
> 128 191 166 
> 128 191 167 
> 128 191 170 
> 128 191 170 
> 128 191 175 
> 128 191 178 
> 128 191 179 
> 128 191 180 
> 128 191 181 
> 128 192 173 
> 128 192 174 
> 128 192 174 
> 128 192 180 
> 128 192 180 
> 128 192 181 
> 128 192 182 
> 128 193 167 
> 128 193 170 
> 128 193 173 
> 128 193 173 
> 128 193 174 
> 128 193 174 
> 128 193 175 
> 128 193 178 
> 128 193 179 
> 128 193 180 
> 128 193 186 
> 128 194 168 
> 128 194 169 
> 128 194 170 
> 128 194 172 
> 128 194 174 
> 128 194 177 
> 128 194 178 
> 128 194 179 
> 128 194 181 
> 128 194 181 
> 128 195 167 
> 128 195 169 
> 128 195 169 
> 128 195 170 
> 128 195 171 
> 128 195 172 
> 128 195 173 
> 128 195 177 
> 128 195 177 
> 128 195 178 
> 128 196 169 
> 128 196 169 
> 128 196 170 
> 128 196 176 
> 128 196 179 
> 128 197 170 
> 128 197 171 
> 128 197 172 
> 128 197 174 
> 128 197 175 
> 128 197 177 
> 128 197 178 
> 128 197 181 
> 128 198 168 
> 128 198 171 
> 128 198 171 
> 128 198 173 
> 128 198 177 
> 128 198 178 
> 128 198 179 
> 128 199 172 
> 128 199 175 
> 128 199 176 
> 128 199 180 
> 128 200 171 
> 128 200 172 
> 128 200 173 
> 128 200 173 
> 128 200 174 
> 128 200 174 
> 128 200 175 
> 128 201 174 
> 127 185 167 
> 127 192 172 
> 127 192 172 
> 127 192 172 
> 127 193 172 
> 127 192 171 
> 127 191 171 
> 127 193 172 
> 127 192 172 
> 127 192 172 
> 127 192 172 
> 127 192 172 
> 127 192 172 
> 127 192 172 
> 127 192 172 
> 127 192 172 
> 127 192 172 
> 127 192 172 
> 127 192 172 
> 127 192 172 
> 127 192 172 
> 127 192 172 
> 127 192 172 
> 127 192 172 
> 127 192 172 
> 127 192 172 
> 127 192 172 
> 127 192 172 
> 127 192 172 
> 127 192 172 
> 127 192 172 
> 127 192 172 
> 127 192 172 
> 127 192 172 
> 127 192 172 
> 127 192 172 
> 127 192 172 
> 127 192 172 
> 127 192 172 
> 127 192 172 
> 127 192 172 
> 127 192 172 
> 127 192 172 
> 127 192 172 
> 127 192 172 
> 127 192 172 
> 127 192 172 
> 127 192 172 
> 127 192 172 
> 127 192 172 
> 127 192 172 
> 127 192 172 
> 127 192 172 
> 127 192 172 
> 127 192 172 
> 127 192 172 
> 127 192 172 
> 127 192 172 
> 127 192 172 
> 127 192 172 
> 127 192 172 
> 127 192 172 
> 127 192 172 
> 127 192 172 
> 127 192 172 
> 127 192 172 
> 127 192 172 
> 127 192 172 
> 127 192 172 
> 127 192 172 
> 127 192 172 
> 127 192 172 
> 127 192 172 
> 127 192 172 
> 127 192 172 
> 127 192 172 
> 127 192 172 
> 127 192 172 
> 127 192 172 
> 127 192 172 
> 127 192 172 
> 127 192 172 
> 127 192 172 
> 127 192 172 
> 127 192 172 
> 127 192 172 
> 127 192 172 
> 127 192 172 
> 127 192 172 
> 127 192 172 
> 127 192 172 
> 127 192 172 
> 127 192 172 
> 127 192 172 
> 127 192 172 
> 127 192 172 
> 127 192 172 
> 127 192 172 
> 127 192 172 
> 127 192 172 
> 127 192 172 
> 127 192 172 
> 127 192 172 
> 127 192 172 
> 127 192 172 
> 127 192 172 
> 127 192 172 
> 127 192 172 
> 127 192 172 
> 127 192 172 
> 127 192 172 
> 127 192 172 
> 127 192 172 
> 127 192 172 
> 127 192 172 
> 127 192 172 
> 127 192 172 
> 127 192 172 
> 127 192 172 
> 127 192 172 
> 127 192 172 
> 127 192 172 
Yellow ---------- 
> 106 234 136 
> 106 236 135 
> 106 236 135 
> 106 236 136 
> 106 238 135 
> 107 166 96 
> 107 209 96 
> 107 228 136 
> 107 234 137 
> 107 235 133 
> 107 235 135 
> 107 239 135 
> 108 72 81 
> 108 234 133 
> 108 237 133 
> 108 240 133 
> 108 240 137 
> 108 243 136 
> 108 244 136 
> 108 252 143 
> 108 253 135 
> 108 254 141 
> 108 254 142 
> 109 74 81 
> 109 232 123 
> 109 232 130 
> 109 234 135 
> 109 236 128 
> 109 236 135 
> 109 240 132 
> 109 240 136 
> 109 240 141 
> 109 241 133 
> 109 241 136 
> 109 244 136 
> 109 249 141 
> 109 252 135 
> 109 252 135 
> 109 253 137 
> 109 253 138 
> 109 253 139 
> 109 254 128 
> 109 254 130 
> 109 254 130 
> 109 254 131 
> 109 254 136 
> 109 254 136 
> 109 254 137 
> 109 254 140 
> 110 75 81 
> 110 76 81 
> 110 164 104 
> 110 174 104 
> 110 231 131 
> 110 236 128 
> 110 238 141 
> 110 238 143 
> 110 239 129 
> 110 239 140 
> 110 243 142 
> 110 243 142 
> 110 244 138 
> 110 244 140 
> 110 245 141 
> 110 246 140 
> 110 246 140 
> 110 246 140 
> 110 247 140 
> 110 247 140 
> 110 248 139 
> 110 248 141 
> 110 250 134 
> 110 251 138 
> 110 252 135 
> 110 252 138 
> 110 252 140 
> 110 253 137 
> 110 253 138 
> 110 253 139 
> 110 254 133 
> 110 254 133 
> 110 254 134 
> 110 254 135 
> 110 254 137 
> 110 254 137 
> 110 254 138 
> 110 254 142 
> 110 254 142 
> 110 254 143 
> 111 78 81 
> 111 173 105 
> 111 176 103 
> 111 234 127 
> 111 234 130 
> 111 234 134 
> 111 236 132 
> 111 236 135 
> 111 237 133 
> 111 237 133 
> 111 238 133 
> 111 239 129 
> 111 239 132 
> 111 239 141 
> 111 239 142 
> 111 240 132 
> 111 241 131 
> 111 241 140 
> 111 241 140 
> 111 241 142 
> 111 241 144 
> 111 241 144 
> 111 241 145 
> 111 241 146 
> 111 242 133 
> 111 245 130 
> 111 246 144 
> 111 246 145 
> 111 248 127 
> 111 248 127 
> 111 248 141 
> 111 248 141 
> 111 252 138 
> 111 252 139 
> 111 252 141 
> 111 253 134 
> 111 253 141 
> 111 254 134 
> 111 254 139 
> 111 254 140 
> 111 254 140 
> 111 254 140 
> 111 254 141 
> 111 254 141 
> 111 254 141 
> 111 254 141 
> 111 254 141 
> 111 254 143 
> 112 170 101 
> 112 227 141 
> 112 229 151 
> 112 231 147 
> 112 231 149 
> 112 232 135 
> 112 232 146 
> 112 235 142 
> 112 237 149 
> 112 237 151 
> 112 238 149 
> 112 239 147 
> 112 239 147 
> 112 239 147 
> 112 239 148 
> 112 240 131 
> 112 240 139 
> 112 241 138 
> 112 241 141 
> 112 242 145 
> 112 243 146 
> 112 243 146 
> 112 244 145 
> 112 245 143 
> 112 246 130 
> 112 246 133 
> 112 246 154 
> 112 247 143 
> 112 247 143 
> 112 247 145 
> 112 249 144 
> 112 250 143 
> 112 250 144 
> 112 252 141 
> 112 252 142 
> 112 253 140 
> 112 253 140 
> 108 208 123 
> 112 255 152 
> 107 188 115 
> 111 255 145 
> 108 191 116 
> 108 210 124 
> 110 239 135 
> 110 237 135 
> 110 236 135 
> 110 237 135 
> 110 236 135 
> 110 236 135 
> 110 237 135 
> 110 236 135 
> 110 236 135 
> 110 236 135 
> 110 236 135 
> 110 236 135 
> 110 236 135 
> 110 236 135 
> 110 236 135 
> 110 236 135 
> 110 236 135 
> 110 236 135 
> 110 237 135 
> 110 237 135 
> 110 236 135 
> 110 237 135 
> 110 237 135 
> 110 236 135 
> 110 237 135 
> 110 236 135 
> 110 237 135 
> 110 237 135 
> 110 236 135 
> 110 236 135 
> 110 236 135 
> 110 236 135 
> 110 236 135 
> 110 236 135 
> 110 236 135 
> 110 236 135 
> 110 236 135 
> 110 236 135 
> 110 236 135 
> 110 236 135 
> 110 236 135 
> 110 236 135 
> 110 236 135 
> 110 236 135 
> 110 236 135 
> 110 236 135 
> 110 236 135 
> 110 236 135 
> 110 236 135 
> 110 236 135 
> 110 236 135 
> 110 236 135 
> 110 236 135 
> 110 236 135 
> 110 236 135 
> 110 236 135 
> 110 236 135 
> 110 236 135 
> 110 236 135 
> 110 236 135 
> 110 236 135 
> 110 236 135 
> 110 236 135 
> 110 236 135 
> 110 236 135 
> 110 236 135 
> 110 236 135 
> 110 236 135 
> 110 236 135 
> 110 236 135 
> 110 236 135 
> 110 236 135 
> 110 236 135 
> 110 236 135 
> 110 236 135 
> 110 236 135 
> 110 236 135 
> 110 236 135 
> 110 236 135 
> 110 236 135 
> 110 236 135 
> 110 236 135 
> 110 236 135 
> 110 236 135 
> 110 236 135 
> 110 236 135 
> 110 236 135 
> 110 236 135 
> 110 236 135 
> 110 236 135 
> 110 236 135 
> 110 236 135 
> 110 236 135 
> 110 236 135 
> 110 236 135 
> 110 236 135 
> 110 236 135 
> 110 236 135 
> 110 236 135 
> 110 236 135 
> 110 236 135 
> 110 236 135 
> 110 236 135 
> 110 236 135 
> 110 236 135 
> 110 236 135 
> 110 236 135 
> 110 236 135 
> 110 236 135 
Green ---------- 
> 69 188 136 
> 70 185 137 
> 71 173 135 
> 71 180 133 
> 71 186 140 
> 72 157 127 
> 72 175 130 
> 73 174 136 
> 73 177 132 
> 73 191 136 
> 74 179 132 
> 74 192 119 
> 74 192 134 
> 75 176 119 
> 76 182 117 
> 76 190 132 
> 77 161 142 
> 77 185 134 
> 77 191 133 
> 78 172 121 
> 78 195 134 
> 78 204 133 
> 79 187 134 
> 79 194 133 
> 80 186 130 
> 80 204 131 
> 80 211 132 
> 81 205 132 
> 81 206 130 
> 81 207 134 
> 82 182 157 
> 82 203 123 
> 83 198 125 
> 83 212 130 
> 83 224 131 
> 84 220 120 
> 84 223 132 
> 84 224 129 
> 84 224 130 
> 84 224 132 
> 85 204 129 
> 85 215 124 
> 85 215 128 
> 85 223 121 
> 86 213 136 
> 86 213 138 
> 86 214 127 
> 86 219 126 
> 86 220 136 
> 86 223 128 
> 86 227 144 
> 86 229 135 
> 87 208 148 
> 87 209 138 
> 87 212 138 
> 87 215 130 
> 87 219 146 
> 87 220 130 
> 87 222 130 
> 87 232 138 
> 88 211 153 
> 88 218 152 
> 88 219 140 
> 88 220 132 
> 88 221 136 
> 88 228 138 
> 89 208 153 
> 89 217 151 
> 89 222 132 
> 89 223 135 
> 89 223 150 
> 89 227 132 
> 89 230 134 
> 89 234 131 
> 89 236 131 
> 90 205 144 
> 90 205 161 
> 90 206 160 
> 90 207 157 
> 90 208 156 
> 90 208 157 
> 90 209 154 
> 90 209 155 
> 90 210 154 
> 90 211 154 
> 90 211 155 
> 90 214 153 
> 90 214 156 
> 90 215 149 
> 90 216 147 
> 90 216 150 
> 90 217 153 
> 90 218 143 
> 90 218 149 
> 90 224 146 
> 90 225 145 
> 90 227 148 
> 90 233 136 
> 90 235 137 
> 90 235 139 
> 90 237 137 
> 90 237 138 
> 90 241 130 
> 90 243 125 
> 91 196 123 
> 91 201 149 
> 91 203 145 
> 91 204 161 
> 91 204 162 
> 91 206 157 
> 91 207 159 
> 91 208 157 
> 91 210 155 
> 91 210 156 
> 91 211 150 
> 91 212 156 
> 91 213 155 
> 91 215 154 
> 91 216 153 
> 91 216 156 
> 91 218 150 
> 91 219 151 
> 91 219 152 
> 91 220 153 
> 91 220 153 
> 91 220 160 
> 91 222 140 
> 91 222 151 
> 91 234 137 
> 91 236 134 
> 91 239 133 
> 91 241 134 
> 84 208 138 
> 84 208 138 
> 87 214 142 
> 85 210 140 
> 85 210 140 
> 85 210 140 
> 85 210 140 
> 85 210 140 
> 85 210 140 
> 85 210 140 
> 85 210 140 
> 85 210 140 
> 85 210 140 
> 85 210 140 
> 85 210 140 
> 85 210 140 
> 85 210 140 
> 85 210 140 
> 85 210 140 
> 85 210 140 
> 85 210 140 
> 85 210 140 
> 85 210 140 
> 85 210 140 
> 85 210 140 
> 85 210 140 
> 85 210 140 
> 85 210 140 
> 85 210 140 
> 85 210 140 
> 85 210 140 
> 85 210 140 
> 85 210 140 
> 85 210 140 
> 85 210 140 
> 85 210 140 
> 85 210 140 
> 85 210 140 
> 85 210 140 
> 85 210 140 
> 85 210 140 
> 85 210 140 
> 85 210 140 
> 85 210 140 
> 85 210 140 
> 85 210 140 
> 85 210 140 
> 85 210 140 
> 85 210 140 
> 85 210 140 
> 85 210 140 
> 85 210 140 
> 85 210 140 
> 85 210 140 
> 85 210 140 
> 85 210 140 
> 85 210 140 
> 85 210 140 
> 85 210 140 
> 85 210 140 
> 85 210 140 
> 85 210 140 
> 85 210 140 
> 85 210 140 
> 85 210 140 
> 85 210 140 
> 85 210 140 
> 85 210 140 
> 85 210 140 
> 85 210 140 
> 85 210 140 
> 85 210 140 
> 85 210 140 
> 85 210 140 
> 85 210 140 
> 85 210 140 
> 85 210 140 
> 85 210 140 
> 85 210 140 
> 85 210 140 
> 85 210 140 
> 85 210 140 
> 85 210 140 
> 85 210 140 
> 85 210 140 
> 85 210 140 
> 85 210 140 
> 85 210 140 
Blue ---------- 
> 39 170 172 
> 39 170 172 
> 39 171 147 
> 39 173 149 
> 39 173 150 
> 39 173 150 
> 39 173 151 
> 39 173 170 
> 39 174 177 
> 39 176 173 
> 39 176 173 
> 39 176 179 
> 39 179 183 
> 39 181 184 
> 39 182 167 
> 39 182 178 
> 39 182 181 
> 39 182 181 
> 39 182 192 
> 39 182 193 
> 39 183 182 
> 39 184 173 
> 39 185 179 
> 39 185 182 
> 39 186 176 
> 39 186 181 
> 39 187 170 
> 39 187 175 
> 39 188 179 
> 39 190 180 
> 39 190 181 
> 39 190 182 
> 39 193 175 
> 39 195 180 
> 39 197 180 
> 39 200 184 
> 39 205 181 
> 40 158 159 
> 40 184 147 
> 40 186 174 
> 40 191 150 
> 40 193 178 
> 40 198 150 
> 40 198 178 
> 40 200 176 
> 40 201 171 
> 40 203 139 
> 40 204 180 
> 40 206 176 
> 40 207 170 
> 40 210 171 
> 40 214 158 
> 40 215 156 
> 40 218 178 
> 40 223 179 
> 40 223 181 
> 40 224 179 
> 40 225 174 
> 40 225 178 
> 40 230 185 
> 40 239 183 
> 40 240 187 
> 40 254 192 
> 41 192 146 
> 41 194 146 
> 41 198 160 
> 41 200 148 
> 41 200 164 
> 41 204 150 
> 41 211 151 
> 41 215 151 
> 41 215 154 
> 41 222 155 
> 41 222 157 
> 42 176 150 
> 42 201 144 
> 42 202 146 
> 42 207 150 
> 43 220 149 
> 43 229 144 
> 43 234 146 
> 43 235 146 
> 43 239 162 
> 43 243 143 
> 44 205 153 
> 44 235 150 
> 44 237 156 
> 44 239 155 
> 44 242 149 
> 44 242 160 
> 44 245 142 
> 44 246 140 
> 44 246 148 
> 44 247 140 
> 45 210 159 
> 45 219 152 
> 45 222 159 
> 45 229 159 
> 45 230 151 
> 45 233 158 
> 45 234 143 
> 45 234 158 
> 45 235 152 
> 45 236 148 
> 45 236 150 
> 42 219 173 
> 39 194 157 
> 40 201 161 
> 41 210 167 
> 41 211 168 
> 41 210 167 
> 41 213 169 
> 39 192 156 
> 42 225 176 
> 42 218 172 
> 41 214 170 
> 42 219 172 
> 39 184 151 
> 38 177 146 
> 39 189 153 
> 40 204 163 
> 40 205 164 
> 40 205 164 
> 40 205 164 
> 40 205 164 
> 40 205 164 
> 40 205 164 
> 40 205 164 
> 40 205 164 
> 40 205 164 
> 40 205 164 
> 40 205 164 
> 40 206 164 
> 40 205 164 
> 40 206 164 
> 40 206 164 
> 40 206 164 
> 41 207 165 
> 41 207 165 
> 40 204 163 
> 40 203 163 
> 40 203 162 
> 41 208 166 
> 41 206 165 
> 40 204 163 
> 40 203 163 
> 40 204 163 
> 40 204 163 
> 40 205 164 
> 40 205 164 
> 40 205 164 
> 40 205 164 
> 40 205 164 
> 40 205 164 
> 40 205 164 
> 40 205 164 
> 40 205 164 
> 40 205 164 
> 40 205 164 
> 40 205 164 
> 40 205 164 
> 40 205 164 
> 40 205 164 
> 40 205 164 
> 40 205 164 
> 40 205 164 
> 40 205 164 
> 40 205 164 
> 40 205 164 
> 40 205 164 
> 40 205 164 
> 40 205 164 
> 40 205 164 
> 40 205 164 
> 40 205 164 
> 40 205 164 
Purple ---------- 
> 117 72 97 
> 117 75 97 
> 128 91 122 
> 162 105 141 
> 164 78 137 
> 164 81 135 
> 170 95 139 
> 179 88 143 
> 179 95 143 
> 180 109 131 
> 183 88 136 
> 184 87 133 
> 184 88 145 
> 184 89 143 
> 184 90 138 
> 184 92 144 
> 184 94 138 
> 184 94 144 
> 184 94 149 
> 184 98 144 
> 184 99 146 
> 185 87 136 
> 185 87 137 
> 185 92 135 
> 185 92 142 
> 185 93 134 
> 185 94 145 
> 185 95 130 
> 185 95 140 
> 185 100 147 
> 186 89 134 
> 186 91 133 
> 186 92 138 
> 186 93 125 
> 186 93 137 
> 186 93 138 
> 186 93 138 
> 186 99 130 
> 186 99 147 
> 186 100 132 
> 186 103 130 
> 186 104 130 
> 187 89 140 
> 187 91 144 
> 187 92 128 
> 187 93 127 
> 187 96 139 
> 187 97 136 
> 187 97 136 
> 187 98 135 
> 187 98 139 
> 187 98 142 
> 187 99 135 
> 187 99 139 
> 187 100 150 
> 187 101 149 
> 187 107 133 
> 188 89 143 
> 188 93 127 
> 188 94 131 
> 188 94 147 
> 188 95 131 
> 188 95 132 
> 188 95 133 
> 188 96 126 
> 188 96 131 
> 188 96 133 
> 188 96 135 
> 188 96 135 
> 188 97 133 
> 188 97 133 
> 188 97 135 
> 188 97 135 
> 188 97 137 
> 188 97 138 
> 188 97 139 
> 188 97 156 
> 188 98 136 
> 188 98 153 
> 189 92 130 
> 189 95 130 
> 189 95 130 
> 189 96 131 
> 189 97 128 
> 189 97 136 
> 189 98 136 
> 189 98 137 
> 208 106 153 
> 134 72 102 
> 220 129 189 
> 220 123 180 
> 93 53 74 
> 161 84 120 
> 177 92 132 
> 177 91 131 
> 186 95 138 
> 188 96 139 
> 191 98 141 
> 171 89 128 
> 183 94 136 
> 182 94 135 
> 183 94 136 
> 183 94 136 
> 183 94 136 
> 183 94 136 
> 183 94 136 
> 183 94 136 
> 182 94 135 
> 182 94 135 
> 182 94 135 
> 183 94 136 
> 183 94 136 
> 182 94 135 
> 182 94 135 
> 183 94 136 
> 183 94 136 
> 183 94 136 
> 183 94 136 
> 182 94 135 
> 183 94 135 
> 183 94 135 
> 183 94 135 
> 183 94 136 
> 183 94 136 
> 183 94 136 
> 183 94 135 
> 183 94 136 
> 183 94 136 
> 183 94 136 
> 183 94 136 
> 183 94 135 
> 183 94 135 
> 183 94 136 
> 183 94 136 
> 183 94 135 
> 183 94 135 
> 183 94 135 
> 183 94 136 
> 183 94 136 
> 183 94 135 
> 183 94 136 
> 183 94 135 
> 183 94 136 
> 183 94 135 
> 183 94 136 
Black ---------- 
> 73 15 93 
> 73 17 80 
> 73 18 77 
> 73 21 86 
> 73 25 78 
> 73 28 161 
> 74 19 80 
> 74 21 78 
> 75 14 83 
> 75 17 73 
> 75 19 74 
> 75 19 79 
> 75 30 121 
> 76 18 79 
> 77 18 77 
> 77 21 75 
> 77 24 84 
> 77 25 75 
> 78 15 85 
> 78 16 80 
> 78 18 77 
> 78 19 78 
> 78 20 78 
> 78 21 78 
> 78 22 78 
> 79 19 76 
> 79 21 75 
> 79 23 76 
> 80 20 85 
> 81 17 79 
> 81 17 85 
> 81 19 77 
> 81 20 85 
> 81 25 72 
> 82 14 78 
> 82 16 75 
> 82 16 82 
> 82 17 78 
> 82 19 79 
> 82 19 83 
> 82 19 83 
> 82 20 82 
> 82 65 111 
> 83 14 87 
> 83 18 73 
> 83 18 81 
> 83 19 70 
> 83 19 79 
> 83 19 79 
> 83 21 78 
> 83 24 86 
> 83 74 84 
> 84 15 87 
> 84 16 78 
> 84 18 76 
> 84 18 78 
> 84 18 83 
> 84 20 74 
> 84 20 79 
> 84 22 70 
> 84 28 69 
> 85 12 80 
> 85 14 88 
> 85 18 82 
> 85 18 82 
> 85 22 72 
> 85 93 74 
> 86 15 77 
> 86 16 94 
> 86 17 74 
> 86 19 78 
> 86 21 69 
> 86 23 65 
> 87 16 77 
> 87 16 78 
> 87 18 80 
> 87 19 76 
> 87 27 162 
> 87 37 71 
> 87 100 34 
> 88 15 90 
> 88 17 77 
> 88 17 82 
> 88 18 77 
> 88 19 78 
> 89 16 80 
> 89 17 76 
> 89 18 77 
> 89 23 73 
> 89 23 74 
> 90 16 82 
> 90 18 75 
> 90 18 79 
> 74 0 55 
> 75 2 59 
> 77 8 66 
> 79 13 71 
> 77 7 65 
> 89 43 103 
> 86 34 93 
> 78 10 68 
> 76 5 63 
> 84 27 87 
> 79 13 72 
> 87 36 96 
> 85 31 91 
> 76 6 63 
> 81 19 78 
> 82 23 82 
> 81 18 77 
> 82 23 81 
> 82 22 80 
> 82 21 80 
> 82 22 80 
> 82 22 80 
> 82 21 80 
> 82 21 80 
> 82 21 80 
> 82 21 80 
> 82 21 80 
> 82 21 80 
> 82 21 80 
> 82 21 80 
> 82 21 80 
> 82 21 80 
> 82 21 80 
> 82 21 80 
> 82 21 80 
> 82 21 80 
> 82 21 80 
> 82 21 80 
> 82 21 80 
> 82 21 80 
> 82 21 80 
> 82 21 80 
> 82 21 80 
> 82 21 80 
> 82 21 80 
> 82 21 80 
> 82 21 80 
> 82 21 80 
> 82 21 80 
> 82 21 80 
> 82 21 80 
> 82 21 80 
> 82 21 80 
> 82 21 80 
> 82 21 80 
> 82 21 80 
> 82 21 80 
> 82 21 80 
> 82 21 80 
> 82 21 80 
> 82 21 80 
> 82 21 80 
White ---------- 
> 81 16 123 
> 81 16 132 
> 81 17 126 
> 81 19 123 
> 81 19 127 
> 82 17 126 
> 82 18 123 
> 82 18 126 
> 82 21 124 
> 83 17 126 
> 83 17 126 
> 83 17 129 
> 83 18 123 
> 83 18 125 
> 83 18 125 
> 83 22 132 
> 84 13 138 
> 84 17 123 
> 84 18 121 
> 84 18 123 
> 84 21 128 
> 85 16 136 
> 85 18 121 
> 85 20 124 
> 85 20 126 
> 86 20 126 
> 86 20 126 
> 86 21 124 
> 86 21 126 
> 86 22 126 
> 87 18 131 
> 87 20 130 
> 87 22 123 
> 87 23 127 
> 88 17 127 
> 88 18 123 
> 88 18 131 
> 88 22 126 
> 89 13 135 
> 89 17 124 
> 89 18 126 
> 89 20 129 
> 89 20 129 
> 89 65 121 
> 90 18 124 
> 90 20 129 
> 90 20 130 
> 90 21 124 
> 91 16 129 
> 91 17 133 
> 91 17 135 
> 91 18 133 
> 91 18 134 
> 91 19 132 
> 91 60 81 
> 92 17 131 
> 92 18 130 
> 92 19 132 
> 92 20 121 
> 92 20 124 
> 93 20 124 
> 93 20 124 
> 93 20 133 
> 94 19 124 
> 94 19 131 
> 94 20 123 
> 88 21 127 
> 87 19 126 
> 87 20 126 
> 87 19 126 
> 87 19 126 
> 87 19 126 
> 86 19 126 
> 86 19 125 
> 86 18 125 
> 87 20 127 
> 86 19 125 
> 87 21 127 
> 86 18 125 
> 86 17 124 
> 89 23 130 
> 83 13 120 
> 87 20 126 
> 86 19 125 
> 87 19 126 
> 87 20 126 
> 87 20 126 
> 87 20 126 
> 87 19 126 
> 87 19 126 
> 87 20 126 
> 87 19 126 
> 87 19 126 
> 87 20 126 
> 87 19 126 
> 87 20 126 
> 87 19 126 
> 87 19 126 
> 87 20 126 
> 87 19 126 
> 87 19 126 
> 87 19 126 
> 87 19 126 
> 87 20 126 
> 87 20 126 
> 87 19 126 
> 87 19 126 
> 87 19 126 
> 87 20 126 
> 87 20 126 
