[All_300_8444_KNN_data]
Labels : Red Orange Yellow Green Blue Purple Black White 
 
Features : h s v 
Red ---------- 
> 129 215 161 
> 143 197 153 
> 143 197 168 
> 143 197 170 
> 143 199 171 
> 143 205 161 
> 143 205 168 
> 143 206 163 
> 143 207 169 
> 143 208 166 
> 143 209 148 
> 143 209 163 
> 143 211 157 
> 143 212 156 
> 143 212 159 
> 143 213 151 
> 143 213 153 
> 143 215 149 
> 143 216 158 
> 143 219 149 
> 143 219 160 
> 143 220 144 
> 143 220 157 
> 143 221 155 
> 143 221 156 
> 143 222 150 
> 143 222 155 
> 143 222 155 
> 143 225 159 
> 144 184 150 
> 144 188 152 
> 144 188 153 
> 144 189 152 
> 144 189 153 
> 144 189 153 
> 144 190 159 
> 144 190 163 
> 144 191 161 
> 144 192 149 
> 144 192 154 
> 144 192 157 
> 144 192 157 
> 144 192 162 
> 144 192 162 
> 144 193 152 
> 144 193 155 
> 144 193 162 
> 144 194 149 
> 144 194 155 
> 144 194 155 
> 144 194 160 
> 144 194 166 
> 144 195 155 
> 144 195 156 
> 144 195 156 
> 144 195 157 
> 144 195 160 
> 144 195 163 
> 144 195 163 
> 144 195 164 
> 144 195 169 
> 144 196 152 
> 144 196 158 
> 144 196 159 
> 144 196 161 
> 144 196 163 
> 144 196 167 
> 144 196 168 
> 144 197 155 
> 144 197 159 
> 144 197 160 
> 144 197 160 
> 144 197 162 
> 144 197 165 
> 144 197 170 
> 144 197 170 
> 144 197 171 
> 144 197 171 
> 144 198 155 
> 144 198 158 
> 144 198 159 
> 144 198 159 
> 141 187 150 
> 142 192 154 
> 142 192 153 
> 142 193 154 
> 142 191 153 
> 145 215 167 
> 147 224 173 
> 139 173 142 
> 134 147 126 
> 132 132 117 
> 130 119 109 
> 162 255 229 
> 141 186 150 
> 143 198 157 
> 143 198 157 
> 143 198 157 
> 143 200 158 
> 143 200 158 
> 143 200 158 
> 143 200 158 
> 143 200 158 
> 143 200 158 
> 143 200 158 
> 143 200 158 
> 143 200 158 
> 143 200 158 
> 143 200 158 
> 143 200 158 
> 143 200 158 
> 143 200 158 
> 143 200 158 
> 143 200 158 
> 143 200 158 
> 143 200 158 
> 143 200 158 
> 143 200 158 
> 143 200 158 
> 143 200 158 
> 143 200 158 
> 143 200 158 
> 143 200 158 
> 143 200 158 
> 143 200 158 
> 143 200 158 
> 143 200 158 
> 143 200 158 
> 143 200 158 
> 143 200 158 
> 143 200 158 
> 143 200 158 
> 143 200 158 
> 143 200 158 
> 143 200 158 
> 143 200 158 
> 143 200 158 
Orange ---------- 
> 126 191 139 
> 127 183 153 
> 127 186 141 
> 127 187 138 
> 127 190 138 
> 127 191 144 
> 127 191 163 
> 127 192 140 
> 127 192 144 
> 127 192 146 
> 127 192 148 
> 127 192 151 
> 127 193 148 
> 127 193 151 
> 127 194 152 
> 127 196 158 
> 127 200 146 
> 127 201 146 
> 127 204 143 
> 128 183 159 
> 128 185 155 
> 128 187 153 
> 128 188 156 
> 128 189 153 
> 128 190 149 
> 128 191 153 
> 128 191 153 
> 128 191 153 
> 128 191 154 
> 128 192 151 
> 128 192 156 
> 128 192 157 
> 128 193 148 
> 128 193 150 
> 128 193 151 
> 128 193 154 
> 128 194 153 
> 128 194 156 
> 128 195 150 
> 128 195 153 
> 128 195 157 
> 128 196 152 
> 128 196 157 
> 128 197 146 
> 128 197 147 
> 128 197 154 
> 128 197 155 
> 128 197 155 
> 128 198 148 
> 128 198 148 
> 128 198 150 
> 128 198 153 
> 128 198 153 
> 128 199 148 
> 128 199 153 
> 128 199 153 
> 128 199 154 
> 128 199 154 
> 128 200 147 
> 128 200 147 
> 128 200 152 
> 128 200 153 
> 128 200 154 
> 128 200 156 
> 128 200 156 
> 128 201 145 
> 128 201 146 
> 128 201 147 
> 128 202 148 
> 128 202 149 
> 128 202 153 
> 128 203 143 
> 128 203 149 
> 128 204 146 
> 128 204 148 
> 126 186 141 
> 126 185 140 
> 129 214 168 
> 128 201 156 
> 128 205 160 
> 128 203 158 
> 126 185 140 
> 127 189 144 
> 128 202 157 
> 127 192 147 
> 128 199 154 
> 127 190 145 
> 127 189 145 
> 126 187 142 
> 126 179 134 
> 128 208 162 
> 127 191 146 
> 128 199 154 
> 127 195 150 
> 127 195 150 
> 127 195 150 
> 127 195 150 
> 127 195 150 
> 127 195 150 
> 127 195 150 
> 127 195 150 
> 127 195 150 
> 127 195 150 
> 127 195 150 
> 127 195 150 
> 127 195 150 
> 127 195 150 
> 127 195 150 
> 127 195 150 
> 127 195 150 
> 127 195 150 
> 127 195 150 
> 127 195 150 
> 127 195 150 
> 127 195 150 
> 127 195 150 
> 127 195 150 
> 127 195 150 
> 127 195 150 
> 127 195 150 
> 127 195 150 
> 127 195 150 
> 127 195 150 
> 127 195 150 
> 127 195 150 
> 127 195 150 
Yellow ---------- 
> 92 190 121 
> 92 253 114 
> 92 253 114 
> 95 104 85 
> 95 197 73 
> 96 169 78 
> 101 213 94 
> 104 191 128 
> 104 193 123 
> 104 226 118 
> 105 185 125 
> 105 205 130 
> 105 209 118 
> 105 219 117 
> 105 225 119 
> 105 229 119 
> 105 231 119 
> 105 233 118 
> 105 236 119 
> 106 213 118 
> 106 246 118 
> 106 249 118 
> 106 249 118 
> 106 250 119 
> 107 212 122 
> 107 234 122 
> 107 243 120 
> 107 254 117 
> 108 215 124 
> 108 216 123 
> 108 242 117 
> 108 242 121 
> 108 245 124 
> 108 247 120 
> 109 216 129 
> 109 226 124 
> 109 229 138 
> 109 238 130 
> 109 239 125 
> 109 243 120 
> 109 245 119 
> 109 245 119 
> 109 245 119 
> 109 246 119 
> 109 246 121 
> 109 247 119 
> 109 248 116 
> 109 248 119 
> 109 248 120 
> 109 249 120 
> 109 251 118 
> 109 251 119 
> 109 252 118 
> 109 253 118 
> 109 253 118 
> 109 254 115 
> 110 238 125 
> 110 242 121 
> 110 243 119 
> 110 243 122 
> 110 244 118 
> 110 244 120 
> 97 183 98 
> 94 167 92 
> 116 255 142 
> 117 255 143 
> 95 172 94 
> 112 255 131 
> 112 255 132 
> 110 255 127 
> 106 233 118 
> 106 232 118 
> 106 232 118 
> 106 234 119 
> 105 229 117 
> 106 233 118 
> 106 234 119 
> 106 232 118 
> 106 232 118 
> 106 232 118 
> 106 231 118 
> 106 231 118 
> 106 230 117 
> 106 230 117 
> 106 231 118 
> 106 231 118 
> 106 231 118 
> 106 231 117 
> 106 231 118 
> 106 231 118 
> 106 231 118 
> 106 231 118 
> 106 231 118 
> 106 231 118 
> 106 231 118 
> 106 231 118 
> 106 231 118 
> 106 231 118 
> 106 231 118 
> 106 231 118 
> 106 231 118 
> 106 231 118 
> 106 231 118 
Green ---------- 
> 67 253 83 
> 68 228 89 
> 69 231 95 
> 70 245 75 
> 71 200 103 
> 71 217 94 
> 71 226 93 
> 72 187 108 
> 74 189 86 
> 74 219 95 
> 74 232 90 
> 75 214 73 
> 75 215 94 
> 76 191 107 
> 76 203 96 
> 76 204 97 
> 76 208 73 
> 76 231 84 
> 77 212 99 
> 79 220 91 
> 81 171 111 
> 81 214 106 
> 82 164 112 
> 82 181 119 
> 82 220 107 
> 83 163 115 
> 83 243 95 
> 83 251 91 
> 84 234 110 
> 84 253 91 
> 86 204 122 
> 86 253 103 
> 86 254 100 
> 87 174 112 
> 87 250 112 
> 87 253 105 
> 87 254 100 
> 87 254 103 
> 87 254 105 
> 88 156 81 
> 88 228 122 
> 88 245 107 
> 88 253 102 
> 88 253 106 
> 88 253 106 
> 88 254 100 
> 89 248 115 
> 89 250 119 
> 89 253 100 
> 89 253 108 
> 89 253 115 
> 89 254 109 
> 90 251 120 
> 90 253 109 
> 90 254 104 
> 90 254 104 
> 90 254 104 
> 90 254 105 
> 90 254 105 
> 90 254 105 
> 81 224 99 
> 81 225 100 
> 81 223 99 
> 83 234 103 
> 82 229 101 
> 82 229 101 
> 82 228 101 
> 82 229 101 
> 82 230 101 
> 82 231 102 
> 82 229 101 
> 82 229 101 
> 82 229 101 
> 82 230 101 
> 82 230 101 
> 82 228 101 
> 82 228 101 
> 82 229 101 
> 82 229 101 
> 82 229 101 
> 82 229 101 
> 82 229 101 
> 82 229 101 
> 82 229 101 
> 82 229 101 
> 82 229 101 
> 82 229 101 
> 82 229 101 
> 82 229 101 
> 82 229 101 
> 82 229 101 
> 82 229 101 
> 82 229 101 
> 82 229 101 
> 82 229 101 
> 82 229 101 
> 82 229 101 
> 82 229 101 
> 82 229 101 
Blue ---------- 
> 40 254 148 
> 40 254 151 
> 41 160 139 
> 41 163 136 
> 41 166 132 
> 41 169 132 
> 41 169 133 
> 41 170 133 
> 41 179 141 
> 41 182 133 
> 41 182 139 
> 41 187 130 
> 41 188 126 
> 41 204 139 
> 41 218 126 
> 41 219 127 
> 41 222 128 
> 41 222 132 
> 41 223 131 
> 41 224 130 
> 41 226 140 
> 41 228 129 
> 41 228 131 
> 41 228 154 
> 41 231 134 
> 41 234 155 
> 41 235 147 
> 41 241 137 
> 41 253 157 
> 42 166 132 
> 42 168 130 
> 42 168 193 
> 42 170 131 
> 42 171 128 
> 42 171 129 
> 42 172 132 
> 42 205 130 
> 42 212 140 
> 42 215 133 
> 42 219 128 
> 42 231 139 
> 43 173 117 
> 43 181 127 
> 43 183 126 
> 43 183 129 
> 43 221 125 
> 44 185 126 
> 44 187 122 
> 44 188 126 
> 45 164 124 
> 45 174 127 
> 45 174 131 
> 45 182 128 
> 45 186 115 
> 45 199 118 
> 45 209 138 
> 46 145 125 
> 41 178 125 
> 42 210 138 
> 41 179 126 
> 42 205 136 
> 42 203 135 
> 42 204 136 
> 42 207 137 
> 42 202 135 
> 42 197 133 
> 42 197 133 
> 42 197 133 
> 42 197 133 
> 42 197 133 
> 42 197 133 
> 42 197 133 
> 42 197 133 
> 42 197 133 
> 42 197 133 
> 42 197 133 
> 42 197 133 
> 42 197 133 
> 42 197 133 
> 42 197 133 
> 42 197 133 
> 42 197 133 
> 42 197 133 
> 42 197 133 
> 42 197 133 
> 42 197 133 
> 42 197 133 
> 42 197 133 
> 42 197 133 
> 42 197 133 
> 42 197 133 
> 42 197 133 
> 42 197 133 
> 42 197 133 
Purple ---------- 
> 176 132 98 
> 182 162 92 
> 183 128 98 
> 184 146 94 
> 185 145 87 
> 186 127 94 
> 186 138 90 
> 187 114 95 
> 187 127 98 
> 188 111 96 
> 188 120 95 
> 188 145 93 
> 188 146 94 
> 188 152 94 
> 189 131 114 
> 189 145 87 
> 189 157 86 
> 189 172 95 
> 190 104 101 
> 190 129 98 
> 190 136 108 
> 190 137 93 
> 190 145 95 
> 191 156 93 
> 192 116 115 
> 192 128 95 
> 192 144 87 
> 192 151 90 
> 192 151 93 
> 192 155 89 
> 192 155 92 
> 193 121 112 
> 193 129 98 
> 193 129 98 
> 193 131 97 
> 193 134 96 
> 193 148 89 
> 193 149 95 
> 193 150 93 
> 193 154 98 
> 193 159 87 
> 193 160 86 
> 193 160 88 
> 193 160 91 
> 194 116 106 
> 194 118 107 
> 194 121 108 
> 194 131 97 
> 194 132 97 
> 194 133 97 
> 194 150 96 
> 194 153 96 
> 189 134 93 
> 189 135 93 
> 190 137 95 
> 190 141 96 
> 190 138 95 
> 190 138 95 
> 190 138 95 
> 190 140 96 
> 190 138 95 
> 190 140 96 
> 190 139 95 
> 190 139 95 
> 190 138 95 
> 190 139 95 
> 190 139 95 
> 190 139 95 
> 190 139 95 
> 190 139 95 
> 190 139 95 
> 190 139 95 
> 190 139 95 
> 190 139 95 
> 190 139 95 
> 190 139 95 
> 190 139 95 
> 190 139 95 
> 190 139 95 
> 190 139 95 
> 190 139 95 
> 190 139 95 
> 190 139 95 
> 190 139 95 
> 190 139 95 
> 190 139 95 
> 190 139 95 
Black ---------- 
> 72 75 47 
> 72 125 24 
> 74 20 123 
> 75 106 24 
> 77 15 136 
> 78 14 126 
> 79 13 133 
> 79 23 125 
> 81 15 127 
> 81 108 41 
> 82 13 129 
> 84 119 32 
> 87 97 52 
> 88 73 63 
> 88 76 39 
> 89 68 41 
> 90 13 132 
> 90 76 42 
> 90 146 21 
> 90 199 19 
> 92 112 27 
> 93 149 24 
> 96 144 29 
> 96 230 19 
> 97 90 39 
> 97 99 37 
> 97 176 23 
> 97 207 20 
> 99 198 21 
> 101 118 40 
> 101 169 28 
> 101 170 23 
> 102 89 56 
> 102 158 24 
> 103 242 19 
> 104 248 18 
> 105 243 18 
> 106 200 27 
> 106 241 20 
> 107 215 23 
> 107 223 23 
> 107 237 21 
> 107 248 17 
> 107 248 18 
> 107 249 13 
> 107 249 16 
> 107 249 17 
> 107 250 15 
> 108 178 30 
> 108 249 18 
> 108 250 14 
> 108 247 90 
> 108 245 89 
> 74 2 0 
> 129 255 162 
> 160 255 255 
> 0 0 0 
> 0 0 0 
> 0 0 0 
> 0 0 0 
> 220 255 255 
> 215 255 255 
> 103 210 72 
> 103 208 71 
> 97 165 51 
> 98 178 57 
> 89 113 27 
> 86 88 15 
> 83 66 5 
> 74 0 0 
> 56 0 0 
> 80 47 0 
> 98 177 57 
> 86 88 15 
> 102 206 70 
> 94 149 44 
> 94 149 44 
> 94 149 44 
> 95 151 45 
> 93 141 40 
> 94 149 44 
> 94 148 43 
> 94 147 43 
> 94 147 43 
> 94 147 43 
> 94 147 43 
White ---------- 
> 59 30 127 
> 60 28 128 
> 60 28 128 
> 62 22 127 
> 62 29 128 
> 65 26 125 
> 66 24 128 
> 66 26 124 
> 66 27 128 
> 73 19 129 
> 79 13 126 
> 79 14 126 
> 79 15 126 
> 80 14 126 
> 80 16 128 
> 80 21 126 
> 81 13 123 
> 81 15 121 
> 81 16 110 
> 82 13 126 
> 82 15 130 
> 82 16 113 
> 83 13 123 
> 83 18 129 
> 84 13 131 
> 85 12 127 
> 85 14 113 
> 85 15 111 
> 86 15 109 
> 86 15 111 
> 86 16 110 
> 87 15 112 
> 88 15 109 
> 66 11 113 
> 90 26 132 
> 50 2 101 
> 92 27 134 
> 58 6 107 
> 80 20 124 
> 81 20 125 
> 75 17 121 
> 75 17 120 
> 77 18 122 
> 77 18 122 
> 77 18 122 
> 77 18 122 
> 77 18 122 
> 77 18 122 
> 77 18 122 
> 76 18 122 
> 77 18 122 
> 76 18 122 
> 76 17 122 
> 77 18 122 
