[Parking_3000_8444_KNN_data]
Labels : Orange Blue Yellow 
 
Features : h s v 
Orange ---------- 
> 119 165 161 
> 119 179 189 
> 120 171 160 
> 121 156 166 
> 121 157 156 
> 121 157 175 
> 121 160 161 
> 121 160 174 
> 121 163 139 
> 121 163 139 
> 121 164 172 
> 121 170 135 
> 121 170 135 
> 121 173 166 
> 121 179 162 
> 122 153 155 
> 122 158 168 
> 122 163 159 
> 122 169 170 
> 122 171 168 
> 122 172 170 
> 122 187 140 
> 123 156 159 
> 123 161 161 
> 123 163 160 
> 123 164 174 
> 123 165 183 
> 123 166 157 
> 123 166 166 
> 123 174 163 
> 123 184 167 
> 124 160 174 
> 124 160 174 
> 124 162 166 
> 124 164 163 
> 124 165 165 
> 124 165 170 
> 124 168 174 
> 124 169 175 
> 124 172 176 
> 124 172 183 
> 124 174 171 
> 124 178 177 
> 124 182 165 
> 124 183 172 
> 124 187 140 
> 124 197 148 
> 125 167 164 
> 125 171 172 
> 125 172 166 
> 125 180 176 
> 125 182 179 
> 125 182 179 
> 125 188 172 
> 125 188 173 
> 125 198 162 
> 126 157 161 
> 126 168 179 
> 126 170 197 
> 126 171 173 
> 126 173 173 
> 126 175 191 
> 126 177 161 
> 126 180 167 
> 126 188 176 
> 126 188 178 
> 126 189 176 
> 126 191 175 
> 127 165 170 
> 127 168 179 
> 127 173 175 
> 127 173 179 
> 127 175 171 
> 127 177 176 
> 127 177 183 
> 127 181 179 
> 127 183 182 
> 127 185 179 
> 127 186 185 
> 127 187 213 
> 127 190 184 
> 127 197 154 
> 127 202 171 
> 127 204 179 
> 127 223 170 
> 127 223 178 
> 127 228 182 
> 128 159 159 
> 128 173 195 
> 128 174 173 
> 128 176 174 
> 128 176 254 
> 128 179 174 
> 128 181 179 
> 128 182 189 
> 128 184 186 
> 128 185 189 
> 128 188 175 
> 128 188 182 
> 128 191 180 
> 128 191 204 
> 128 192 175 
> 128 192 178 
> 128 192 194 
> 128 194 184 
> 128 196 181 
> 128 198 174 
> 128 198 176 
> 128 199 151 
> 128 202 176 
> 128 202 183 
> 128 203 189 
> 128 205 183 
> 128 206 203 
> 128 207 174 
> 128 208 172 
> 128 208 188 
> 128 209 173 
> 128 209 173 
> 128 209 191 
> 128 211 145 
> 128 211 191 
> 128 212 164 
> 128 212 177 
> 128 214 204 
> 128 216 197 
> 128 217 191 
> 128 217 192 
> 128 218 199 
> 128 219 185 
> 128 220 179 
> 128 220 187 
> 128 221 197 
> 128 222 196 
> 128 223 189 
> 128 225 198 
> 128 227 180 
> 128 227 188 
> 128 227 193 
> 128 229 186 
> 128 229 192 
> 128 231 186 
> 128 231 190 
> 128 233 184 
> 128 234 176 
> 129 166 162 
> 129 173 176 
> 129 180 177 
> 129 183 200 
> 129 183 205 
> 129 185 173 
> 129 187 190 
> 129 187 203 
> 129 188 208 
> 129 189 197 
> 129 190 189 
> 129 190 209 
> 129 190 227 
> 129 191 171 
> 129 191 174 
> 129 191 192 
> 129 192 186 
> 129 192 193 
> 129 192 196 
> 129 192 196 
> 129 192 219 
> 129 193 168 
> 129 193 208 
> 129 194 203 
> 129 194 213 
> 129 194 221 
> 129 196 200 
> 129 196 229 
> 129 197 178 
> 129 197 200 
> 129 198 199 
> 129 198 199 
> 129 199 179 
> 129 199 182 
> 129 199 183 
> 129 199 202 
> 129 199 208 
> 129 199 209 
> 129 200 184 
> 129 200 198 
> 129 200 201 
> 129 200 211 
> 129 201 179 
> 129 201 211 
> 129 202 183 
> 129 202 192 
> 129 202 199 
> 129 203 184 
> 129 203 185 
> 129 203 190 
> 129 203 203 
> 129 203 207 
> 129 203 208 
> 129 204 183 
> 129 204 191 
> 129 204 194 
> 129 204 204 
> 129 204 206 
> 129 205 211 
> 129 206 185 
> 129 206 191 
> 129 206 192 
> 129 206 203 
> 129 206 206 
> 129 207 168 
> 129 207 180 
> 129 207 182 
> 129 207 199 
> 129 207 202 
> 129 207 204 
> 129 207 205 
> 129 207 206 
> 129 208 190 
> 129 208 191 
> 129 208 194 
> 129 208 194 
> 129 208 195 
> 129 208 202 
> 129 208 202 
> 129 208 210 
> 129 209 180 
> 129 209 181 
> 129 209 183 
> 129 209 185 
> 129 209 191 
> 129 209 191 
> 129 209 192 
> 129 209 193 
> 129 209 194 
> 129 209 196 
> 129 209 202 
> 129 210 179 
> 129 210 180 
> 129 210 189 
> 129 210 189 
> 129 210 192 
> 129 210 197 
> 129 210 202 
> 129 210 206 
> 129 211 180 
> 129 211 182 
> 129 211 185 
> 129 211 187 
> 129 211 189 
> 129 211 190 
> 129 211 191 
> 129 211 191 
> 129 211 192 
> 129 211 193 
> 129 211 194 
> 129 211 196 
> 129 211 197 
> 129 212 190 
> 129 212 199 
> 129 212 200 
> 129 213 188 
> 129 213 188 
> 129 213 195 
> 129 213 196 
> 129 214 162 
> 129 214 180 
> 129 214 184 
> 129 214 186 
> 129 214 188 
> 129 214 189 
> 129 214 191 
> 129 214 191 
> 129 214 192 
> 129 214 194 
> 129 214 195 
> 129 214 197 
> 129 214 200 
> 129 214 201 
> 129 214 201 
> 129 215 181 
> 129 215 182 
> 129 215 184 
> 129 215 185 
> 129 215 186 
> 129 215 186 
> 129 215 191 
> 129 215 193 
> 129 215 199 
> 129 215 207 
> 129 215 208 
> 129 216 177 
> 129 216 184 
> 129 216 184 
> 129 216 187 
> 129 216 188 
> 129 216 189 
> 129 216 189 
> 129 216 192 
> 129 216 193 
> 129 216 193 
> 129 216 198 
> 129 216 198 
> 129 216 205 
> 129 217 178 
> 129 217 188 
> 129 217 189 
> 129 217 192 
> 129 217 192 
> 129 217 198 
> 129 218 184 
> 129 218 187 
> 129 218 188 
> 129 218 190 
> 129 218 191 
> 129 218 191 
> 129 218 193 
> 129 218 194 
> 129 218 197 
> 129 218 197 
> 129 218 200 
> 129 219 189 
> 129 219 191 
> 129 219 192 
> 129 219 192 
> 129 219 193 
> 129 219 195 
> 129 220 178 
> 129 220 182 
> 129 220 184 
> 129 220 186 
> 129 220 193 
> 129 220 194 
> 129 220 195 
> 129 220 198 
> 129 220 199 
> 129 220 205 
> 129 221 180 
> 129 221 184 
> 129 221 185 
> 129 221 185 
> 129 221 187 
> 129 221 188 
> 129 221 192 
> 129 221 194 
> 129 221 195 
> 129 221 198 
> 129 221 198 
> 129 221 202 
> 129 222 179 
> 129 222 180 
> 129 222 183 
> 129 222 184 
> 129 222 184 
> 129 222 184 
> 129 222 184 
> 129 222 185 
> 129 222 188 
> 129 222 189 
> 129 222 194 
> 129 222 199 
> 129 222 203 
> 129 223 163 
> 129 223 163 
> 129 223 165 
> 129 223 174 
> 129 223 183 
> 129 223 186 
> 129 223 191 
> 129 223 198 
> 129 223 198 
> 129 224 174 
> 129 224 178 
> 129 224 179 
> 129 224 181 
> 129 224 181 
> 129 224 182 
> 129 224 189 
> 129 225 175 
> 129 225 175 
> 129 225 177 
> 129 225 177 
> 129 225 178 
> 129 225 178 
> 129 225 178 
> 129 226 175 
> 129 226 178 
> 129 226 179 
> 129 226 180 
> 129 227 182 
> 129 228 152 
> 129 228 169 
> 129 228 185 
> 129 229 182 
> 129 229 187 
> 129 229 187 
> 129 230 182 
> 129 231 187 
> 130 175 204 
> 130 187 168 
> 130 187 194 
> 130 188 184 
> 130 188 207 
> 130 189 174 
> 130 190 186 
> 130 190 196 
> 130 191 202 
> 130 191 207 
> 130 192 211 
> 130 193 193 
> 130 193 214 
> 130 194 194 
> 130 194 206 
> 130 194 208 
> 130 194 220 
> 130 195 191 
> 130 195 192 
> 130 195 200 
> 130 195 206 
> 130 195 207 
> 130 195 208 
> 130 195 210 
> 130 196 168 
> 130 196 181 
> 130 196 190 
> 130 196 192 
> 130 196 192 
> 130 196 193 
> 130 196 194 
> 130 196 195 
> 130 196 203 
> 130 196 205 
> 130 196 209 
> 130 196 212 
> 130 197 186 
> 130 197 193 
> 130 197 193 
> 130 197 193 
> 130 197 195 
> 130 197 196 
> 130 197 215 
> 130 198 192 
> 130 198 192 
> 130 198 193 
> 130 198 196 
> 130 198 210 
> 130 199 192 
> 130 199 193 
> 130 199 196 
> 130 199 199 
> 130 199 203 
> 130 199 207 
> 130 200 182 
> 130 200 186 
> 130 200 189 
> 130 200 191 
> 130 200 193 
> 130 200 196 
> 130 200 197 
> 130 200 198 
> 130 200 205 
> 130 201 190 
> 130 201 193 
> 130 201 193 
> 130 201 194 
> 130 201 195 
> 130 201 199 
> 130 201 200 
> 130 201 201 
> 130 201 201 
> 130 201 203 
> 130 201 204 
> 130 201 205 
> 130 201 207 
> 130 202 189 
> 130 202 191 
> 130 202 191 
> 130 202 196 
> 130 202 196 
> 130 202 196 
> 130 202 198 
> 130 202 199 
> 130 202 199 
> 130 202 200 
> 130 202 204 
> 130 202 207 
> 130 202 207 
> 130 203 182 
> 130 203 182 
> 130 203 185 
> 130 203 189 
> 130 203 189 
> 130 203 189 
> 130 203 189 
> 130 203 195 
> 130 203 195 
> 130 203 200 
> 130 203 206 
> 130 203 207 
> 130 203 209 
> 130 203 209 
> 130 204 182 
> 130 204 188 
> 130 204 191 
> 130 204 191 
> 130 204 193 
> 130 204 194 
> 130 204 194 
> 130 204 194 
> 130 204 195 
> 130 204 196 
> 130 204 200 
> 130 204 201 
> 130 204 202 
> 130 204 205 
> 130 204 208 
> 130 205 190 
> 130 205 191 
> 130 205 192 
> 130 205 192 
> 130 205 192 
> 130 205 194 
> 130 205 195 
> 130 205 195 
> 130 205 196 
> 130 205 196 
> 130 205 198 
> 130 205 201 
> 130 205 201 
> 130 205 202 
> 130 205 204 
> 130 205 204 
> 130 205 206 
> 130 205 209 
> 130 206 186 
> 130 206 190 
> 130 206 193 
> 130 206 194 
> 130 206 194 
> 130 206 195 
> 130 206 200 
> 130 206 200 
> 130 206 201 
> 130 206 202 
> 130 206 202 
> 130 206 205 
> 130 207 186 
> 130 207 189 
> 130 207 190 
> 130 207 193 
> 130 207 193 
> 130 207 193 
> 130 207 193 
> 130 207 194 
> 130 207 194 
> 130 207 195 
> 130 207 196 
> 130 207 196 
> 130 207 196 
> 130 207 196 
> 130 207 198 
> 130 207 199 
> 130 207 200 
> 130 207 200 
> 130 207 200 
> 130 207 202 
> 130 207 205 
> 130 207 206 
> 130 207 211 
> 130 208 187 
> 130 208 190 
> 130 208 190 
> 130 208 190 
> 130 208 192 
> 130 208 192 
> 130 208 193 
> 130 208 195 
> 130 208 196 
> 130 208 196 
> 130 208 196 
> 130 208 197 
> 130 208 197 
> 130 208 197 
> 130 208 198 
> 130 208 198 
> 130 208 198 
> 130 208 198 
> 130 208 199 
> 130 208 199 
> 130 208 200 
> 130 208 201 
> 130 208 201 
> 130 208 201 
> 130 208 201 
> 130 208 203 
> 130 208 207 
> 130 209 185 
> 130 209 187 
> 130 209 190 
> 130 209 190 
> 130 209 190 
> 130 209 193 
> 130 209 193 
> 130 209 193 
> 130 209 194 
> 130 209 194 
> 130 209 195 
> 126 185 174 
> 129 211 196 
> 128 201 188 
> 128 202 188 
> 128 202 189 
> 128 202 188 
> 128 202 189 
> 128 202 189 
> 128 202 189 
> 128 202 188 
> 128 202 188 
> 128 202 188 
> 128 202 188 
> 128 202 188 
> 128 202 188 
> 128 202 188 
> 128 202 188 
> 128 202 188 
> 128 202 188 
> 128 202 188 
> 128 202 188 
> 128 202 188 
> 128 202 188 
> 128 202 188 
> 128 202 188 
> 128 202 188 
> 128 202 188 
> 128 202 188 
> 128 202 188 
> 128 202 188 
> 128 202 188 
> 128 202 188 
> 128 202 188 
> 128 202 188 
> 128 202 188 
> 128 202 188 
> 128 202 188 
> 128 202 188 
> 128 202 188 
> 128 202 188 
> 128 202 188 
> 128 202 188 
> 128 202 188 
> 128 202 188 
> 128 202 188 
> 128 202 188 
> 128 202 188 
> 128 202 188 
> 128 202 188 
> 128 202 188 
> 128 202 188 
> 128 202 188 
> 128 202 188 
> 128 202 188 
> 128 202 188 
> 128 202 188 
> 128 202 188 
> 128 202 188 
> 128 202 188 
> 128 202 188 
> 128 202 188 
> 128 202 188 
> 128 202 188 
> 128 202 188 
> 128 202 188 
> 128 202 188 
> 128 202 188 
> 128 202 188 
> 128 202 188 
> 128 202 188 
> 128 202 188 
> 128 202 188 
> 128 202 188 
> 128 202 188 
> 128 202 188 
> 128 202 188 
> 128 202 188 
> 128 202 188 
> 128 202 188 
> 128 202 188 
> 128 202 188 
> 128 202 188 
> 128 202 188 
> 128 202 188 
> 128 202 188 
> 128 202 188 
> 128 202 188 
> 128 202 188 
> 128 202 188 
> 128 202 188 
> 128 202 188 
> 128 202 188 
> 128 202 188 
> 128 202 188 
> 128 202 188 
> 128 202 188 
> 128 202 188 
> 128 202 188 
> 128 202 188 
> 128 202 188 
> 128 202 188 
> 128 202 188 
> 128 202 188 
> 128 202 188 
> 128 202 188 
> 128 202 188 
> 128 202 188 
> 128 202 188 
> 128 202 188 
> 128 202 188 
> 128 202 188 
> 128 202 188 
> 128 202 188 
> 128 202 188 
> 128 202 188 
> 128 202 188 
> 128 202 188 
> 128 202 188 
> 128 202 188 
> 128 202 188 
> 128 202 188 
> 128 202 188 
> 128 202 188 
> 128 202 188 
> 128 202 188 
> 128 202 188 
> 128 202 188 
> 128 202 188 
> 128 202 188 
> 128 202 188 
> 128 202 188 
> 128 202 188 
> 128 202 188 
> 128 202 188 
> 128 202 188 
> 128 202 188 
> 128 202 188 
> 128 202 188 
> 128 202 188 
> 128 202 188 
> 128 202 188 
> 128 202 188 
> 128 202 188 
> 128 202 188 
> 128 202 188 
> 128 202 188 
> 128 202 188 
> 128 202 188 
> 128 202 188 
> 128 202 188 
> 128 202 188 
> 128 202 188 
> 128 202 188 
> 128 202 188 
> 128 202 188 
> 128 202 188 
> 128 202 188 
> 128 202 188 
> 128 202 188 
> 128 202 188 
> 128 202 188 
> 128 202 188 
> 128 202 188 
> 128 202 188 
> 128 202 188 
> 128 202 188 
> 128 202 188 
> 128 202 188 
> 128 202 188 
> 128 202 188 
> 128 202 188 
> 128 202 188 
> 128 202 188 
> 128 202 188 
> 128 202 188 
> 128 202 188 
> 128 202 188 
> 128 202 188 
> 128 202 188 
> 128 202 188 
> 128 202 188 
> 128 202 188 
> 128 202 188 
> 128 202 188 
> 128 202 188 
> 128 202 188 
> 128 202 188 
> 128 202 188 
> 128 202 188 
> 128 202 188 
> 128 202 188 
> 128 202 188 
> 128 202 188 
> 128 202 188 
> 128 202 188 
> 128 202 188 
> 128 202 188 
> 128 202 188 
> 128 202 188 
> 128 202 188 
> 128 202 188 
> 128 202 188 
> 128 202 188 
> 128 202 188 
> 128 202 188 
> 128 202 188 
> 128 202 188 
> 128 202 188 
> 128 202 188 
> 128 202 188 
> 128 202 188 
> 128 202 188 
> 128 202 188 
> 128 202 188 
> 128 202 188 
> 128 202 188 
> 128 202 188 
> 128 202 188 
> 128 202 188 
> 128 202 188 
> 128 202 188 
> 128 202 188 
> 128 202 188 
> 128 202 188 
> 128 202 188 
> 128 202 188 
> 128 202 188 
> 128 202 188 
> 128 202 188 
> 128 202 188 
> 128 202 188 
> 128 202 188 
> 128 202 188 
> 128 202 188 
> 128 202 188 
> 128 202 188 
> 128 202 188 
> 128 202 188 
> 128 202 188 
> 128 202 188 
> 128 202 188 
> 128 202 188 
> 128 202 188 
> 128 202 188 
> 128 202 188 
> 128 202 188 
> 128 202 188 
> 128 202 188 
> 128 202 188 
> 128 202 188 
> 128 202 188 
> 128 202 188 
> 128 202 188 
> 128 202 188 
> 128 202 188 
> 128 202 188 
> 128 202 188 
> 128 202 188 
> 128 202 188 
> 128 202 188 
> 128 202 188 
> 128 202 188 
> 128 202 188 
> 128 202 188 
> 128 202 188 
> 128 202 188 
> 128 202 188 
> 128 202 188 
> 128 202 188 
> 128 202 188 
> 128 202 188 
> 128 202 188 
> 128 202 188 
> 128 202 188 
> 128 202 188 
> 128 202 188 
> 128 202 188 
> 128 202 188 
> 128 202 188 
> 128 202 188 
> 128 202 188 
> 128 202 188 
> 128 202 188 
> 128 202 188 
> 128 202 188 
> 128 202 188 
> 128 202 188 
> 128 202 188 
> 128 202 188 
> 128 202 188 
> 128 202 188 
> 128 202 188 
> 128 202 188 
> 128 202 188 
> 128 202 188 
> 128 202 188 
> 128 202 188 
> 128 202 188 
> 128 202 188 
> 128 202 188 
> 128 202 188 
> 128 202 188 
> 128 202 188 
> 128 202 188 
> 128 202 188 
> 128 202 188 
> 128 202 188 
> 128 202 188 
> 128 202 188 
> 128 202 188 
> 128 202 188 
> 128 202 188 
> 128 202 188 
> 128 202 188 
> 128 202 188 
> 128 202 188 
> 128 202 188 
> 128 202 188 
> 128 202 188 
> 128 202 188 
> 128 202 188 
> 128 202 188 
> 128 202 188 
> 128 202 188 
> 128 202 188 
> 128 202 188 
> 128 202 188 
> 128 202 188 
> 128 202 188 
> 128 202 188 
> 128 202 188 
> 128 202 188 
> 128 202 188 
> 128 202 188 
> 128 202 188 
> 128 202 188 
> 128 202 188 
> 128 202 188 
> 128 202 188 
> 128 202 188 
> 128 202 188 
> 128 202 188 
> 128 202 188 
> 128 202 188 
> 128 202 188 
> 128 202 188 
> 128 202 188 
> 128 202 188 
> 128 202 188 
> 128 202 188 
> 128 202 188 
> 128 202 188 
> 128 202 188 
> 128 202 188 
> 128 202 188 
> 128 202 188 
> 128 202 188 
> 128 202 188 
> 128 202 188 
> 128 202 188 
> 128 202 188 
> 128 202 188 
> 128 202 188 
> 128 202 188 
> 128 202 188 
> 128 202 188 
> 128 202 188 
> 128 202 188 
> 128 202 188 
> 128 202 188 
> 128 202 188 
> 128 202 188 
> 128 202 188 
> 128 202 188 
> 128 202 188 
> 128 202 188 
> 128 202 188 
> 128 202 188 
> 128 202 188 
> 128 202 188 
> 128 202 188 
> 128 202 188 
> 128 202 188 
> 128 202 188 
> 128 202 188 
> 128 202 188 
> 128 202 188 
> 128 202 188 
> 128 202 188 
> 128 202 188 
> 128 202 188 
> 128 202 188 
> 128 202 188 
> 128 202 188 
> 128 202 188 
> 128 202 188 
> 128 202 188 
> 128 202 188 
> 128 202 188 
> 128 202 188 
> 128 202 188 
> 128 202 188 
> 128 202 188 
Blue ---------- 
> 39 215 194 
> 39 216 198 
> 39 216 199 
> 39 217 196 
> 39 217 202 
> 39 218 181 
> 39 218 201 
> 39 220 201 
> 39 222 199 
> 39 223 203 
> 39 224 200 
> 39 225 198 
> 39 227 200 
> 39 229 201 
> 39 231 198 
> 39 234 204 
> 39 234 208 
> 39 236 201 
> 39 237 201 
> 39 243 203 
> 39 246 197 
> 39 247 199 
> 39 250 202 
> 39 251 210 
> 39 253 209 
> 39 254 191 
> 39 254 197 
> 39 254 198 
> 39 254 201 
> 39 254 201 
> 39 254 202 
> 39 254 203 
> 39 254 203 
> 39 254 203 
> 39 254 204 
> 39 254 205 
> 39 254 205 
> 39 254 205 
> 39 254 205 
> 39 254 205 
> 39 254 206 
> 39 254 206 
> 39 254 206 
> 39 254 207 
> 39 254 210 
> 39 254 211 
> 39 254 216 
> 39 254 217 
> 39 254 218 
> 39 254 219 
> 39 254 219 
> 39 254 219 
> 39 254 222 
> 39 254 224 
> 40 166 185 
> 40 172 198 
> 40 182 188 
> 40 183 186 
> 40 186 177 
> 40 186 199 
> 40 195 188 
> 40 202 191 
> 40 204 189 
> 40 205 188 
> 40 205 191 
> 40 208 176 
> 40 208 199 
> 40 209 186 
> 40 212 207 
> 40 214 181 
> 40 214 209 
> 40 218 190 
> 40 218 194 
> 40 220 203 
> 40 221 182 
> 40 221 199 
> 40 221 203 
> 40 222 205 
> 40 222 209 
> 40 222 209 
> 40 224 183 
> 40 224 207 
> 40 225 204 
> 40 226 173 
> 40 226 184 
> 40 226 191 
> 40 227 172 
> 40 227 207 
> 40 228 187 
> 40 228 192 
> 40 228 211 
> 40 229 200 
> 40 231 188 
> 40 231 199 
> 40 231 206 
> 40 232 203 
> 40 233 207 
> 40 234 202 
> 40 236 200 
> 40 238 199 
> 40 239 183 
> 40 240 181 
> 40 240 204 
> 40 241 185 
> 40 241 188 
> 40 241 200 
> 40 241 207 
> 40 242 188 
> 40 242 204 
> 40 242 206 
> 40 242 207 
> 40 242 208 
> 40 242 209 
> 40 242 211 
> 40 243 209 
> 40 243 210 
> 40 244 206 
> 40 244 208 
> 40 245 197 
> 40 245 207 
> 40 246 199 
> 40 246 203 
> 40 246 203 
> 40 246 214 
> 40 247 193 
> 40 247 204 
> 40 247 204 
> 40 247 205 
> 40 247 211 
> 40 248 185 
> 40 248 188 
> 40 248 194 
> 40 248 202 
> 40 248 202 
> 40 249 205 
> 40 249 208 
> 40 250 205 
> 40 250 205 
> 40 251 208 
> 40 251 209 
> 40 252 207 
> 40 252 207 
> 40 252 219 
> 40 252 221 
> 40 253 206 
> 40 253 210 
> 40 253 211 
> 40 253 213 
> 40 253 215 
> 40 253 234 
> 40 254 182 
> 40 254 187 
> 40 254 187 
> 40 254 196 
> 40 254 201 
> 40 254 202 
> 40 254 203 
> 40 254 203 
> 40 254 203 
> 40 254 203 
> 40 254 205 
> 40 254 205 
> 40 254 206 
> 40 254 207 
> 40 254 207 
> 40 254 207 
> 40 254 207 
> 40 254 207 
> 40 254 207 
> 40 254 207 
> 40 254 207 
> 40 254 208 
> 40 254 208 
> 40 254 208 
> 40 254 208 
> 40 254 209 
> 40 254 209 
> 40 254 209 
> 40 254 209 
> 40 254 209 
> 40 254 209 
> 40 254 209 
> 40 254 209 
> 40 254 210 
> 40 254 210 
> 40 254 210 
> 40 254 210 
> 40 254 210 
> 40 254 210 
> 40 254 211 
> 40 254 211 
> 40 254 211 
> 40 254 211 
> 40 254 212 
> 40 254 212 
> 40 254 212 
> 40 254 213 
> 40 254 213 
> 40 254 213 
> 40 254 213 
> 40 254 213 
> 40 254 213 
> 40 254 213 
> 40 254 213 
> 40 254 214 
> 40 254 214 
> 40 254 214 
> 40 254 215 
> 40 254 215 
> 40 254 215 
> 40 254 215 
> 40 254 215 
> 40 254 215 
> 40 254 215 
> 40 254 215 
> 40 254 216 
> 40 254 216 
> 40 254 216 
> 40 254 216 
> 40 254 216 
> 40 254 217 
> 40 254 217 
> 40 254 218 
> 40 254 218 
> 40 254 218 
> 40 254 219 
> 40 254 219 
> 40 254 220 
> 40 254 221 
> 40 254 221 
> 40 254 222 
> 40 254 222 
> 40 254 222 
> 40 254 223 
> 40 254 223 
> 40 254 225 
> 40 254 225 
> 40 254 225 
> 40 254 226 
> 40 254 227 
> 40 254 227 
> 40 254 227 
> 40 254 228 
> 40 254 228 
> 40 254 228 
> 40 254 229 
> 40 254 235 
> 40 254 246 
> 41 178 163 
> 41 179 183 
> 41 183 186 
> 41 190 197 
> 41 194 191 
> 41 200 186 
> 41 201 192 
> 41 203 182 
> 41 205 179 
> 41 210 188 
> 41 225 177 
> 41 225 183 
> 41 226 187 
> 41 228 191 
> 41 230 198 
> 41 237 189 
> 41 237 191 
> 41 237 215 
> 41 238 178 
> 41 238 214 
> 41 241 193 
> 41 241 209 
> 41 245 209 
> 41 248 213 
> 41 251 223 
> 41 252 209 
> 41 254 209 
> 41 254 211 
> 41 254 215 
> 41 254 218 
> 41 254 222 
> 41 254 231 
> 42 177 190 
> 42 185 190 
> 42 192 187 
> 42 197 179 
> 42 198 177 
> 42 201 186 
> 42 201 186 
> 42 201 191 
> 42 206 187 
> 42 210 205 
> 42 212 181 
> 42 218 181 
> 42 229 202 
> 42 230 197 
> 42 231 201 
> 42 234 198 
> 43 174 176 
> 43 187 169 
> 43 187 198 
> 43 188 178 
> 43 197 167 
> 43 202 198 
> 43 204 172 
> 43 212 190 
> 43 216 185 
> 43 221 190 
> 43 224 192 
> 43 235 181 
> 44 180 190 
> 44 183 148 
> 44 188 164 
> 44 191 188 
> 44 199 180 
> 44 201 180 
> 44 211 153 
> 45 175 176 
> 45 183 183 
> 45 185 178 
> 45 185 182 
> 45 204 178 
> 46 171 148 
> 46 174 177 
> 39 223 194 
> 39 223 194 
> 39 225 195 
> 40 230 198 
> 39 228 197 
> 39 223 194 
> 39 224 194 
> 40 243 207 
> 40 243 207 
> 39 228 197 
> 40 245 208 
> 40 246 208 
> 39 217 190 
> 41 255 216 
> 38 194 175 
> 36 161 155 
> 38 198 178 
> 41 255 216 
> 40 237 203 
> 40 235 201 
> 40 235 201 
> 40 236 202 
> 40 235 201 
> 40 235 201 
> 40 236 202 
> 40 235 202 
> 40 235 202 
> 40 235 202 
> 40 235 202 
> 40 235 201 
> 40 235 202 
> 40 235 202 
> 40 235 202 
> 40 235 202 
> 40 235 202 
> 40 235 202 
> 40 235 202 
> 40 235 202 
> 40 235 202 
> 40 235 202 
> 40 235 202 
> 40 235 202 
> 40 235 202 
> 40 235 202 
> 40 235 202 
> 40 235 202 
> 40 235 202 
> 40 235 202 
> 40 235 202 
> 40 235 202 
> 40 235 202 
> 40 235 202 
> 40 235 202 
> 40 235 202 
> 40 235 202 
> 40 235 202 
> 40 235 202 
> 40 235 202 
> 40 235 202 
> 40 235 202 
> 40 235 202 
> 40 235 202 
> 40 235 202 
> 40 235 202 
> 40 235 202 
> 40 235 202 
> 40 235 202 
> 40 235 202 
> 40 235 202 
> 40 235 202 
> 40 235 202 
> 40 235 202 
> 40 235 202 
> 40 235 202 
> 40 235 202 
> 40 235 202 
> 40 235 202 
> 40 235 202 
> 40 235 202 
> 40 235 202 
> 40 235 202 
> 40 235 202 
> 40 235 202 
> 40 235 202 
> 40 235 202 
> 40 235 202 
> 40 235 202 
> 40 235 202 
> 40 235 202 
> 40 235 202 
> 40 235 202 
> 40 235 202 
> 40 235 202 
> 40 235 202 
> 40 235 202 
> 40 235 202 
> 40 235 202 
> 40 235 202 
> 40 235 202 
> 40 235 202 
> 40 235 202 
> 40 235 202 
> 40 235 202 
> 40 235 202 
> 40 235 202 
> 40 235 202 
> 40 235 202 
> 40 235 202 
> 40 235 202 
> 40 235 202 
> 40 235 202 
> 40 235 202 
> 40 235 202 
> 40 235 202 
> 40 235 202 
> 40 235 202 
> 40 235 202 
> 40 235 202 
> 40 235 202 
> 40 235 202 
> 40 235 202 
> 40 235 202 
> 40 235 202 
> 40 235 202 
> 40 235 202 
> 40 235 202 
> 40 235 202 
> 40 235 202 
> 40 235 202 
> 40 235 202 
> 40 235 202 
> 40 235 202 
> 40 235 202 
> 40 235 202 
> 40 235 202 
> 40 235 202 
> 40 235 202 
> 40 235 202 
> 40 235 202 
> 40 235 202 
> 40 235 202 
> 40 235 202 
> 40 235 202 
> 40 235 202 
> 40 235 202 
> 40 235 202 
> 40 235 202 
> 40 235 202 
> 40 235 202 
> 40 235 202 
> 40 235 202 
> 40 235 202 
> 40 235 202 
> 40 235 202 
> 40 235 202 
> 40 235 202 
> 40 235 202 
> 40 235 202 
> 40 235 202 
> 40 235 202 
> 40 235 202 
> 40 235 202 
> 40 235 202 
> 40 235 202 
> 40 235 202 
> 40 235 202 
> 40 235 202 
> 40 235 202 
> 40 235 202 
> 40 235 202 
> 40 235 202 
> 40 235 202 
> 40 235 202 
> 40 235 202 
> 40 235 202 
> 40 235 202 
> 40 235 202 
> 40 235 202 
> 40 235 202 
> 40 235 202 
> 40 235 202 
> 40 235 202 
> 40 235 202 
> 40 235 202 
> 40 235 202 
> 40 235 202 
> 40 235 202 
> 40 235 202 
> 40 235 202 
> 40 235 202 
> 40 235 202 
> 40 235 202 
> 40 235 202 
> 40 235 202 
> 40 235 202 
> 40 235 202 
> 40 235 202 
> 40 235 202 
> 40 235 202 
> 40 235 202 
> 40 235 202 
> 40 235 202 
> 40 235 202 
> 40 235 202 
> 40 235 202 
> 40 235 202 
> 40 235 202 
> 40 235 202 
> 40 235 202 
> 40 235 202 
> 40 235 202 
> 40 235 202 
> 40 235 202 
> 40 235 202 
> 40 235 202 
Yellow ---------- 
> 91 165 108 
> 91 204 98 
> 92 35 136 
> 93 138 104 
> 93 177 106 
> 94 167 138 
> 94 177 140 
> 94 180 137 
> 95 168 119 
> 95 172 134 
> 96 72 108 
> 96 94 233 
> 96 158 133 
> 96 169 113 
> 96 179 136 
> 97 148 109 
> 97 152 117 
> 97 188 145 
> 98 191 150 
> 99 175 124 
> 99 181 141 
> 100 161 114 
> 100 187 157 
> 100 206 161 
> 101 94 94 
> 101 110 110 
> 101 169 143 
> 101 176 142 
> 101 191 155 
> 101 207 162 
> 101 212 161 
> 102 188 149 
> 102 204 145 
> 102 206 143 
> 102 211 137 
> 103 80 102 
> 103 184 133 
> 103 197 160 
> 103 200 160 
> 104 149 147 
> 104 172 156 
> 104 204 142 
> 104 214 135 
> 105 196 154 
> 105 203 135 
> 105 203 143 
> 105 208 135 
> 105 209 161 
> 105 210 146 
> 105 215 145 
> 105 217 146 
> 106 182 123 
> 106 206 144 
> 106 207 138 
> 106 209 141 
> 107 206 136 
> 107 209 168 
> 107 212 161 
> 107 222 156 
> 108 104 97 
> 108 106 118 
> 108 193 138 
> 108 216 146 
> 108 223 170 
> 108 225 171 
> 109 216 146 
> 109 219 151 
> 109 220 156 
> 109 224 161 
> 109 225 163 
> 110 114 113 
> 110 197 167 
> 110 207 162 
> 110 210 144 
> 110 212 135 
> 110 213 153 
> 110 221 167 
> 110 223 171 
> 110 227 157 
> 111 210 189 
> 111 222 148 
> 111 224 184 
> 111 225 133 
> 112 153 120 
> 112 210 179 
> 112 235 167 
> 112 236 186 
> 112 237 164 
> 112 240 181 
> 112 246 176 
> 112 248 176 
> 112 248 176 
> 112 252 159 
> 112 252 168 
> 112 253 158 
> 113 234 185 
> 113 238 153 
> 113 242 153 
> 113 242 159 
> 113 242 165 
> 113 242 172 
> 113 246 159 
> 113 247 184 
> 113 248 183 
> 113 249 166 
> 113 250 167 
> 113 250 180 
> 113 251 163 
> 113 251 168 
> 113 252 158 
> 113 252 165 
> 113 252 173 
> 113 252 179 
> 113 253 157 
> 113 253 159 
> 113 253 160 
> 113 253 171 
> 113 254 157 
> 113 254 159 
> 113 254 159 
> 113 254 159 
> 113 254 160 
> 113 254 161 
> 113 254 161 
> 113 254 166 
> 113 254 166 
> 113 254 166 
> 113 254 167 
> 113 254 169 
> 113 254 169 
> 113 254 169 
> 113 254 169 
> 113 254 170 
> 113 254 170 
> 113 254 171 
> 113 254 171 
> 113 254 172 
> 113 254 174 
> 113 254 175 
> 113 254 177 
> 113 254 179 
> 114 235 178 
> 114 238 180 
> 114 240 204 
> 114 242 175 
> 114 243 177 
> 114 243 206 
> 114 245 176 
> 114 246 159 
> 114 246 162 
> 114 246 171 
> 114 247 159 
> 114 247 174 
> 114 247 184 
> 114 248 172 
> 114 248 175 
> 114 249 165 
> 114 249 170 
> 114 249 178 
> 114 249 186 
> 114 249 186 
> 114 250 169 
> 114 250 172 
> 114 250 180 
> 114 250 187 
> 114 251 168 
> 114 251 173 
> 114 252 163 
> 114 252 165 
> 114 252 167 
> 114 252 169 
> 114 252 170 
> 114 252 172 
> 114 252 174 
> 114 252 176 
> 114 253 164 
> 114 253 169 
> 114 253 173 
> 114 253 174 
> 114 253 176 
> 119 255 196 
> 126 255 219 
> 82 42 64 
> 134 255 248 
> 135 255 251 
> 72 0 31 
> 86 71 79 
> 68 0 18 
> 31 0 0 
> 45 0 0 
> 89 91 90 
> 82 44 65 
> 78 22 53 
> 87 76 82 
> 83 54 70 
> 112 242 169 
> 114 255 177 
> 114 255 177 
> 108 218 157 
> 108 219 157 
> 108 219 157 
> 108 219 157 
> 108 219 157 
> 108 219 157 
> 108 219 157 
> 108 218 157 
> 108 219 157 
> 108 219 157 
> 108 218 156 
> 108 218 157 
> 108 218 157 
> 108 218 156 
> 108 220 157 
> 108 217 156 
> 108 215 155 
> 108 218 156 
> 108 218 157 
> 108 219 157 
> 108 218 157 
> 108 219 157 
> 108 219 157 
> 108 219 157 
> 108 219 157 
> 108 219 157 
> 108 219 157 
> 108 219 157 
> 108 219 157 
> 108 219 157 
> 108 219 157 
> 108 219 157 
> 108 219 157 
> 108 219 157 
> 108 219 157 
> 108 219 157 
> 108 219 157 
> 108 219 157 
> 108 219 157 
> 108 219 157 
> 108 219 157 
> 108 219 157 
> 108 219 157 
> 108 219 157 
> 108 219 157 
> 108 219 157 
> 108 219 157 
> 108 219 157 
> 108 219 157 
> 108 219 157 
> 108 219 157 
> 108 219 157 
> 108 219 157 
> 108 219 157 
> 108 219 157 
> 108 219 157 
> 108 219 157 
> 108 219 157 
> 108 219 157 
> 108 219 157 
> 108 219 157 
> 108 219 157 
> 108 219 157 
> 108 219 157 
> 108 219 157 
> 108 219 157 
> 108 219 157 
> 108 219 157 
> 108 219 157 
> 108 219 157 
> 108 219 157 
> 108 219 157 
> 108 219 157 
> 108 219 157 
> 108 219 157 
> 108 219 157 
> 108 219 157 
> 108 219 157 
> 108 219 157 
> 108 219 157 
> 108 219 157 
> 108 219 157 
> 108 219 157 
> 108 219 157 
> 108 219 157 
> 108 219 157 
> 108 219 157 
> 108 219 157 
> 108 219 157 
> 108 219 157 
> 108 219 157 
> 108 219 157 
> 108 219 157 
> 108 219 157 
> 108 219 157 
> 108 219 157 
> 108 219 157 
> 108 219 157 
> 108 219 157 
> 108 219 157 
> 108 219 157 
