[Parking_550_8444_KNN_data]
Labels : Orange Yellow Blue 
 
Features : h s v 
Orange ---------- 
> 125 150 171 
> 125 213 179 
> 125 214 180 
> 125 215 180 
> 125 215 181 
> 125 217 177 
> 125 224 182 
> 125 226 179 
> 125 229 180 
> 125 229 182 
> 125 231 180 
> 125 231 180 
> 125 233 183 
> 125 234 180 
> 125 235 178 
> 125 236 178 
> 125 237 178 
> 126 179 133 
> 126 188 178 
> 126 188 179 
> 126 191 178 
> 126 202 189 
> 126 202 189 
> 126 202 190 
> 126 203 188 
> 126 203 188 
> 126 203 189 
> 126 205 197 
> 126 206 197 
> 126 207 188 
> 126 208 177 
> 126 208 191 
> 126 209 182 
> 126 209 189 
> 126 209 191 
> 126 210 179 
> 126 210 188 
> 126 210 188 
> 126 210 190 
> 126 211 178 
> 126 211 188 
> 126 213 178 
> 126 213 178 
> 126 213 180 
> 126 213 184 
> 126 214 183 
> 126 214 184 
> 126 214 186 
> 126 216 183 
> 126 217 181 
> 126 218 182 
> 126 218 187 
> 126 219 174 
> 126 220 175 
> 126 222 179 
> 126 222 181 
> 126 222 182 
> 126 223 179 
> 126 225 189 
> 126 226 182 
> 126 228 174 
> 127 179 182 
> 127 181 184 
> 127 181 189 
> 127 182 188 
> 127 185 187 
> 127 185 191 
> 127 185 193 
> 127 188 185 
> 127 188 201 
> 127 190 193 
> 127 192 184 
> 127 195 184 
> 127 195 198 
> 127 196 179 
> 127 196 195 
> 127 196 207 
> 127 197 185 
> 127 198 186 
> 127 199 193 
> 127 200 182 
> 127 200 193 
> 127 201 178 
> 127 201 179 
> 127 201 179 
> 127 201 190 
> 127 201 190 
> 127 202 177 
> 127 202 186 
> 127 202 188 
> 127 202 189 
> 127 203 176 
> 127 203 185 
> 127 203 186 
> 127 203 187 
> 127 203 189 
> 127 203 191 
> 127 203 191 
> 127 204 175 
> 127 204 190 
> 127 204 191 
> 127 204 193 
> 127 204 193 
> 127 205 187 
> 127 206 191 
> 127 207 183 
> 127 207 187 
> 127 208 176 
> 127 209 172 
> 127 209 176 
> 127 209 189 
> 127 209 191 
> 127 210 184 
> 127 210 188 
> 127 211 178 
> 127 211 185 
> 127 211 185 
> 127 212 190 
> 127 213 182 
> 127 214 183 
> 127 214 185 
> 127 214 187 
> 127 215 187 
> 127 217 180 
> 127 218 186 
> 127 219 185 
> 127 219 186 
> 127 220 181 
> 127 227 183 
> 127 230 189 
> 127 231 187 
> 128 168 190 
> 128 178 192 
> 128 179 189 
> 128 180 177 
> 128 180 183 
> 128 181 182 
> 128 181 182 
> 125 194 178 
> 125 187 174 
> 124 173 167 
> 128 249 205 
> 126 203 182 
> 126 202 182 
> 126 202 182 
> 126 214 188 
> 126 205 183 
> 126 206 184 
> 126 207 184 
> 126 206 184 
> 126 206 184 
> 126 206 184 
> 126 206 184 
> 126 206 184 
> 126 206 184 
> 126 206 184 
> 126 206 184 
> 126 206 184 
> 126 206 184 
> 126 206 184 
> 126 206 184 
> 126 206 184 
> 126 206 184 
> 126 206 184 
> 126 206 184 
> 126 206 184 
> 126 206 184 
> 126 206 184 
> 126 206 184 
> 126 206 184 
> 126 206 184 
> 126 206 184 
> 126 206 184 
> 126 206 184 
> 126 206 184 
> 126 206 184 
> 126 206 184 
> 126 206 184 
> 126 206 184 
> 126 206 184 
> 126 206 184 
> 126 206 184 
> 126 206 184 
> 126 206 184 
> 126 206 184 
> 126 206 184 
> 126 206 184 
> 126 206 184 
> 126 206 184 
> 126 206 184 
> 126 206 184 
> 126 206 184 
> 126 206 184 
> 126 206 184 
> 126 206 184 
> 126 206 184 
> 126 206 184 
> 126 206 184 
> 126 206 184 
> 126 206 184 
> 126 206 184 
> 126 206 184 
> 126 206 184 
> 126 206 184 
> 126 206 184 
> 126 206 184 
> 126 206 184 
> 126 206 184 
> 126 206 184 
> 126 206 184 
> 126 206 184 
> 126 206 184 
> 126 206 184 
> 126 206 184 
> 126 206 184 
> 126 206 184 
> 126 206 184 
> 126 206 184 
> 126 206 184 
> 126 206 184 
> 126 206 184 
> 126 206 184 
> 126 206 184 
> 126 206 184 
> 126 206 184 
> 126 206 184 
> 126 206 184 
> 126 206 184 
> 126 206 184 
> 118 164 139 
> 118 164 139 
> 118 164 139 
> 118 164 139 
> 118 164 139 
> 118 164 139 
> 118 164 139 
> 118 164 139 
> 118 164 139 
> 118 164 139 
> 118 164 139 
> 118 164 139 
> 118 164 139 
> 118 164 139 
> 118 164 139 
> 118 164 139 
> 118 164 139 
> 118 164 139 
> 118 164 139 
> 118 164 139 
> 118 164 139 
> 118 164 139 
> 118 164 139 
> 118 164 139 
> 118 164 139 
> 118 164 139 
> 118 164 139 
> 118 164 146 
> 118 165 139 
> 118 168 135 
> 118 168 136 
> 118 169 135 
> 119 160 148 
> 119 163 144 
> 119 163 147 
> 119 163 148 
> 119 163 148 
> 119 164 141 
> 119 164 142 
> 119 164 145 
> 119 164 147 
> 119 165 141 
> 119 166 139 
> 119 166 151 
> 119 166 151 
> 119 166 151 
> 119 166 155 
> 119 167 136 
> 119 167 136 
> 119 167 137 
> 119 167 137 
> 119 167 137 
> 119 167 138 
> 119 167 138 
> 119 167 151 
> 119 167 151 
> 119 167 151 
> 119 167 151 
> 119 167 151 
> 119 167 151 
> 119 167 151 
> 119 167 151 
> 119 168 135 
> 119 168 135 
> 119 168 135 
> 119 168 135 
> 119 168 135 
> 119 168 135 
> 119 168 136 
> 119 168 136 
> 119 168 136 
> 119 168 136 
> 119 168 136 
> 119 168 136 
> 119 168 138 
> 119 168 151 
> 119 168 151 
> 119 169 133 
> 119 167 146 
> 119 167 145 
> 117 163 134 
> 118 164 137 
> 118 166 143 
> 118 164 138 
> 118 165 140 
> 118 165 140 
> 118 165 141 
> 118 165 140 
> 118 165 140 
> 118 165 140 
> 118 165 141 
> 118 165 141 
> 118 165 141 
> 118 165 141 
> 118 165 141 
> 118 165 141 
> 118 165 141 
> 118 165 141 
> 118 165 141 
> 118 165 141 
> 118 165 141 
> 118 165 141 
> 118 165 141 
> 118 165 141 
> 118 165 141 
> 118 165 141 
> 118 165 141 
> 118 165 141 
> 118 165 141 
> 118 165 141 
> 118 165 141 
> 118 165 141 
> 118 165 141 
> 118 165 141 
> 118 165 141 
> 118 165 141 
> 118 165 141 
> 118 165 141 
> 118 165 141 
> 118 165 141 
> 118 165 141 
> 118 165 141 
> 118 165 141 
> 118 165 141 
> 118 165 141 
> 118 165 141 
> 118 165 141 
> 118 165 141 
> 118 165 141
> 103 111 87 
> 104 136 110 
> 109 114 88 
> 110 148 117 
> 111 117 85 
> 111 159 136 
> 113 155 122 
> 113 156 122 
> 113 156 122 
> 113 156 122 
> 113 156 122 
> 113 157 123 
> 114 158 123 
> 115 161 125 
> 116 163 127 
> 127 167 139 
> 127 180 135 
> 127 183 140 
> 127 187 140 
> 127 189 139 
> 127 190 141 
> 118 164 127 
> 117 162 126 
> 118 165 128 
> 115 155 121 
> 116 157 122 
> 116 158 123 
> 115 156 121 
> 116 158 123 
> 114 154 120 
> 116 160 124 
> 117 160 124 
> 114 154 120 
> 114 154 120 
Yellow ---------- 
> 102 195 173 
> 103 36 127 
> 103 101 93 
> 104 97 77 
> 104 227 104 
> 105 47 126 
> 105 182 104 
> 105 203 133 
> 105 212 132 
> 105 214 134 
> 105 217 134 
> 105 218 131 
> 105 218 132 
> 105 218 137 
> 105 219 129 
> 105 219 130 
> 105 219 131 
> 105 219 131 
> 105 219 133 
> 105 219 135 
> 105 219 135 
> 105 220 128 
> 105 220 129 
> 105 220 130 
> 105 220 131 
> 105 220 131 
> 105 220 132 
> 105 220 133 
> 105 220 133 
> 105 221 130 
> 105 221 130 
> 105 221 130 
> 105 221 131 
> 105 221 131 
> 105 221 131 
> 105 221 131 
> 105 221 134 
> 105 222 125 
> 105 222 127 
> 105 222 129 
> 105 222 129 
> 105 222 130 
> 105 222 130 
> 105 222 130 
> 105 222 131 
> 105 222 132 
> 105 222 133 
> 105 222 134 
> 105 222 135 
> 105 223 127 
> 105 223 128 
> 105 223 128 
> 105 223 129 
> 105 224 127 
> 105 224 127 
> 105 224 127 
> 105 224 128 
> 105 224 128 
> 105 224 129 
> 105 224 129 
> 105 224 129 
> 105 225 127 
> 105 225 127 
> 105 225 128 
> 105 225 128 
> 105 225 129 
> 105 226 128 
> 105 226 131 
> 105 226 136 
> 105 227 127 
> 105 227 128 
> 105 228 135 
> 105 230 119 
> 105 230 121 
> 105 230 123 
> 105 230 123 
> 105 231 122 
> 105 232 127 
> 105 232 130 
> 105 233 126 
> 105 233 126 
> 105 234 126 
> 105 234 127 
> 105 234 128 
> 105 234 132 
> 105 236 121 
> 105 237 127 
> 105 242 133 
> 106 221 129 
> 106 222 131 
> 106 224 133 
> 106 227 130 
> 106 227 137 
> 106 228 128 
> 106 228 130 
> 106 229 127 
> 106 229 128 
> 106 229 128 
> 106 231 128 
> 106 231 129 
> 106 232 129 
> 106 234 128 
> 106 235 130 
> 106 237 121 
> 106 237 130 
> 106 237 137 
> 106 243 126 
> 106 251 126 
> 107 166 96 
> 107 179 187 
> 107 226 146 
> 107 236 130 
> 107 239 129 
> 107 241 132 
> 108 74 88 
> 108 234 128 
> 108 238 124 
> 108 239 125 
> 108 242 124 
> 108 242 126 
> 108 244 136 
> 108 246 130 
> 108 253 112 
> 109 237 125 
> 109 247 135 
> 109 254 121 
> 109 254 127 
> 109 254 128 
> 109 254 132 
> 104 203 122 
> 106 234 133 
> 104 197 120 
> 105 223 129 
> 105 216 127 
> 105 216 126 
> 105 222 128 
> 105 218 127 
> 105 222 129 
> 105 219 127 
> 105 220 128 
> 105 220 128 
> 105 220 128 
> 105 220 128 
> 105 220 128 
> 105 220 128 
> 105 220 128 
> 105 220 128 
> 105 220 128 
> 105 220 128 
> 105 220 128 
> 105 220 128 
> 105 220 128 
> 105 220 128 
> 105 220 128 
> 105 220 128 
> 105 220 128 
> 105 220 128 
> 105 220 128 
> 105 220 128 
> 105 220 128 
> 105 220 128 
> 105 220 128 
> 105 220 128 
> 105 220 128 
> 105 220 128 
> 105 220 128 
> 105 220 128 
> 105 220 128 
> 105 220 128 
> 105 219 128 
> 105 220 128 
> 105 220 128 
> 105 220 128 
> 105 219 128 
> 105 220 128 
> 105 220 128 
> 105 220 128 
> 105 220 128 
> 105 220 128 
> 105 220 128 
> 105 220 128 
> 105 219 128 
> 105 221 128 
> 105 220 128 
> 105 220 128 
> 105 220 128 
> 105 220 128 
> 105 220 128 
> 105 220 128 
> 105 220 128 
> 105 220 128 
> 105 220 128 
> 105 220 128 
> 105 220 128 
> 105 220 128 
> 105 220 128 
> 105 220 128 
> 105 220 128 
> 105 220 128 
> 105 220 128 
> 105 220 128 
> 105 220 128 
> 105 220 128 
> 105 220 128 
> 105 220 128 
> 105 220 128 
> 105 220 128 
> 105 220 128 
> 105 220 128 
> 105 220 128 
> 105 220 128 
> 105 220 128 
> 105 220 128 
> 105 220 128
> 110 226 140 
> 110 226 140 
> 110 226 140 
> 110 226 140 
> 110 226 140 
> 110 226 140 
> 110 226 140 
> 110 226 140 
> 110 226 140 
> 110 226 140 
> 110 226 140 
> 110 226 140 
> 110 226 140 
> 110 226 140 
> 110 226 140 
> 110 226 140 
> 110 226 140 
> 110 226 140 
> 110 226 140 
> 110 226 140 
> 110 228 140 
> 110 228 140 
> 111 225 141 
> 111 225 141 
> 111 225 141 
> 111 225 141 
> 111 225 142 
> 111 226 140 
> 111 226 140 
> 111 226 140 
> 111 226 140 
> 111 226 140 
> 111 226 140 
> 111 226 140 
> 111 226 141 
> 111 226 141 
> 111 226 141 
> 111 226 141 
> 111 226 141 
> 111 226 141 
> 111 226 141 
> 111 226 141 
> 111 226 141 
> 111 226 141 
> 111 226 141 
> 111 226 141 
> 111 226 141 
> 111 226 141 
> 111 226 141 
> 111 226 141 
> 111 226 141 
> 111 226 141 
> 111 226 141 
> 111 226 141 
> 111 226 141 
> 111 226 141 
> 111 226 141 
> 110 225 139 
> 111 226 141 
> 109 225 139 
> 109 224 139 
> 112 227 142 
> 109 224 139 
> 110 226 140 
> 110 226 140 
> 109 225 139 
> 109 224 139 
> 110 226 140 
> 110 225 140 
> 110 225 140 
> 110 226 140 
> 110 225 140 
> 110 226 140 
> 110 226 140 
> 110 226 140 
> 110 225 140 
> 110 225 140 
> 110 225 140 
> 110 225 140 
> 110 225 140 
> 110 225 140 
> 110 225 140 
> 110 225 140 
> 110 225 140 
> 110 225 140 
> 110 225 140 
> 110 225 140 
> 110 225 140 
> 110 225 140 
> 110 225 140 
> 110 225 140 
> 110 225 140 
> 110 225 140 
> 110 225 140 
> 110 225 140 
> 110 225 140 
> 106 228 121 
> 106 228 121 
> 106 229 121 
> 106 230 121 
> 106 230 122 
> 106 231 122 
> 106 231 122 
> 106 231 122 
> 106 231 122 
> 106 231 122 
> 106 231 122 
> 106 231 122 
> 106 231 122 
> 106 231 122 
> 106 231 122 
> 106 232 122 
> 106 232 122 
> 106 232 122 
> 106 232 122 
> 106 233 122 
> 106 233 122 
> 106 239 117 
> 106 239 119 
> 106 242 123 
> 106 243 123 
> 106 244 120 
> 106 244 121 
> 106 245 115 
> 106 245 115 
> 107 223 124 
> 106 235 121 
> 106 236 121 
> 106 237 122 
> 106 240 123 
> 105 232 120 
> 105 231 120 
> 105 230 119 
> 106 239 123 
> 106 233 121 
> 106 233 121 
> 106 233 121 
> 106 233 121 
> 106 233 121 
> 106 233 121 
> 106 233 121 
> 106 233 121 
> 106 233 121 
> 106 233 121 
> 106 233 121 
> 106 233 121 
> 106 233 121 
Blue ---------- 
> 39 254 188 
> 39 254 191 
> 39 254 192 
> 39 254 202 
> 39 254 203 
> 39 254 204 
> 39 254 205 
> 39 254 205 
> 39 254 208 
> 39 254 210 
> 39 254 210 
> 39 254 210 
> 40 144 159 
> 40 165 169 
> 40 177 161 
> 40 191 167 
> 40 199 169 
> 40 203 184 
> 40 207 173 
> 40 208 172 
> 40 219 169 
> 40 224 189 
> 40 227 173 
> 40 230 180 
> 40 232 170 
> 40 235 168 
> 40 235 179 
> 40 236 184 
> 40 254 166 
> 40 254 169 
> 40 254 176 
> 40 254 178 
> 40 254 179 
> 40 254 180 
> 40 254 181 
> 40 254 183 
> 40 254 188 
> 40 254 190 
> 40 254 200 
> 41 141 150 
> 41 156 146 
> 41 173 168 
> 41 182 178 
> 41 183 175 
> 41 187 165 
> 41 189 166 
> 41 208 170 
> 41 208 185 
> 41 211 235 
> 41 213 161 
> 41 241 175 
> 41 250 150 
> 41 250 188 
> 41 253 159 
> 41 253 187 
> 42 151 152 
> 42 154 157 
> 42 190 158 
> 42 197 168 
> 42 199 158 
> 43 110 136 
> 43 138 150 
> 43 145 149 
> 43 150 140 
> 43 154 153 
> 43 165 154 
> 43 171 154 
> 43 190 159 
> 43 194 164 
> 43 203 163 
> 43 208 162 
> 43 209 159 
> 43 214 162 
> 43 215 162 
> 43 227 159 
> 43 231 215 
> 43 232 157 
> 43 235 157 
> 44 150 150 
> 44 153 150 
> 44 158 150 
> 44 193 153 
> 44 196 146 
> 44 208 161 
> 44 209 153 
> 44 210 143 
> 44 211 161 
> 44 215 161 
> 44 216 160 
> 44 217 164 
> 44 219 161 
> 44 222 158 
> 41 224 177 
> 40 197 163 
> 41 220 175 
> 41 225 178 
> 40 190 159 
> 41 220 175 
> 41 208 169 
> 41 215 173 
> 41 208 169 
> 41 218 174 
> 41 207 169 
> 41 212 171 
> 41 212 171 
> 41 212 171 
> 41 212 171 
> 41 212 171 
> 41 213 171 
> 41 212 171 
> 41 212 171 
> 41 212 171 
> 41 212 171 
> 41 212 171 
> 41 211 171 
> 41 212 171 
> 41 212 171 
> 41 211 171 
> 41 212 171 
> 41 212 171 
> 41 212 171 
> 41 212 171 
> 41 212 171 
> 41 212 171 
> 41 212 171 
> 41 212 171 
> 41 212 171 
> 41 212 171 
> 41 212 171 
> 41 212 171 
> 41 212 171 
> 41 212 171 
> 41 212 171 
> 41 212 171 
> 41 212 171 
> 41 212 171 
> 41 212 171 
> 41 212 171 
> 41 212 171 
> 41 212 171 
> 41 212 171 
> 41 212 171 
> 41 212 171 
> 41 212 171 
> 41 212 171 
> 41 212 171 
> 41 212 171 
> 41 212 171 
> 41 212 171 
> 41 212 171 
> 41 212 171 
> 41 212 171 
> 41 212 171 
> 63 228 120 
> 63 228 120 
> 63 228 120 
> 63 228 120 
> 63 228 121 
> 63 229 116 
> 63 229 120 
> 63 229 120 
> 63 229 120 
> 63 229 120 
> 63 229 120 
> 63 229 120 
> 63 229 121 
> 63 230 116 
> 63 230 119 
> 63 230 120 
> 63 230 120 
> 63 230 120 
> 63 230 120 
> 63 230 120 
> 63 230 120 
> 63 230 121 
> 63 230 122 
> 63 231 119 
> 63 231 119 
> 63 231 119 
> 63 231 119 
> 63 231 119 
> 63 231 120 
> 63 231 120 
> 63 231 120 
> 63 231 121 
> 63 231 121 
> 63 231 121 
> 63 231 122 
> 63 231 122 
> 63 231 122 
> 63 232 120 
> 63 232 120 
> 63 232 121 
> 63 232 121 
> 63 232 121 
> 63 232 122 
> 63 232 122 
> 63 233 120 
> 63 233 121 
> 63 233 121 
> 63 233 122 
> 63 233 122 
> 63 233 122 
> 63 233 122 
> 63 234 122 
> 63 234 122 
> 63 235 122 
> 63 235 122 
> 63 235 123 
> 63 235 123 
> 63 236 108 
> 63 236 109 
> 63 236 109 
> 63 234 124 
> 63 232 121 
> 63 232 121 
> 63 232 122 
> 63 229 117 
> 63 232 122 
> 63 234 123 
> 63 229 117 
> 63 229 117 
> 63 230 118 
> 63 230 118 
> 63 228 116 
> 63 230 118 
> 63 231 120 
> 63 231 120 
> 63 231 119 
> 63 231 119 
> 63 231 120 
> 63 230 119 
> 63 231 120 
> 63 231 119 
> 63 231 120 
> 63 231 120 
> 63 231 119 
> 63 231 120 
> 63 231 119 
> 63 231 120 
> 63 230 119 
> 63 231 120 
> 63 231 120 
> 63 231 120 
> 63 231 119 
> 63 231 119 
> 63 231 119 
> 63 231 119 
> 63 231 119 
> 63 231 119 
> 63 231 119 
> 63 231 119 
> 63 231 119 
> 41 250 145 
> 41 251 143 
> 41 251 144 
> 41 254 147 
> 41 254 148 
> 41 254 150 
> 41 254 150 
> 41 254 151 
> 41 254 152 
> 42 154 127 
> 42 176 132 
> 42 201 131 
> 42 208 131 
> 42 221 135 
> 42 241 149 
> 58 176 127 
> 66 190 133 
> 68 192 134 
> 68 192 134 
> 68 192 134 
> 68 192 134 
> 68 192 134 
> 68 192 134 
> 68 192 134 
> 68 192 134 
> 68 192 134 
> 68 192 134 
> 68 192 134 
> 68 192 134 
> 68 192 134 
> 68 192 134 
> 68 192 134 
> 68 192 134 
> 68 192 134 
> 68 192 134 
> 68 192 134 
> 68 192 134 
> 68 192 134 
> 68 192 134 
> 68 192 134 
> 68 192 134 
> 68 192 134 
> 68 192 134 
> 68 192 134 
> 68 192 134 
> 68 192 134 
> 68 192 134 
> 68 192 134 
> 68 193 134 
> 68 193 134 
> 69 194 134 
> 73 102 71 
> 75 85 138 
> 75 87 141 
> 75 100 141 
> 80 154 42 
> 106 119 84 
> 53 169 122 
> 61 191 132 
> 61 190 131 
> 63 197 134 
> 61 190 131 
> 61 191 131 
> 61 192 132 
> 61 191 132 
> 62 194 133 
> 61 192 132 
> 62 194 133 
> 62 193 132 
> 62 193 132 
> 62 193 132 
> 62 193 132 
> 62 193 132 
> 62 193 132 
> 62 193 132 
> 62 193 132 
> 62 193 132 
> 62 193 132 
> 62 193 132 
> 62 193 132 
> 62 193 132 
> 62 193 132 
> 62 193 132 
> 62 193 132 
> 62 193 132 
> 62 193 132 
> 62 193 132 
> 62 193 132 
> 62 193 132 
> 62 193 132 
> 62 193 132 
> 62 193 132 
> 62 193 132 
> 62 193 132 
> 62 193 132 
