[All_200_8444_KNN_data]
Labels : Red Orange Yellow Green Blue Purple Black White 
 
Features : h s v 
Red ---------- 
> 143 211 177 
> 143 211 177 
> 143 211 177 
> 143 211 177 
> 143 211 177 
> 143 211 177 
> 143 211 177 
> 143 211 177 
> 143 211 177 
> 143 211 177 
> 143 211 177 
> 143 211 177 
> 143 211 177 
> 143 211 177 
> 143 211 177 
> 143 211 177 
> 143 211 177 
> 143 211 177 
> 143 211 177 
> 143 211 178 
> 143 211 178 
> 143 212 178 
> 143 225 164 
> 143 225 165 
> 143 225 165 
> 143 225 165 
> 143 226 165 
> 144 199 180 
> 144 199 188 
> 144 199 189 
> 144 199 189 
> 144 201 181 
> 144 201 186 
> 144 201 189 
> 144 202 182 
> 144 203 185 
> 144 203 185 
> 144 203 189 
> 144 204 177 
> 144 204 178 
> 144 204 181 
> 144 204 186 
> 144 204 187 
> 144 204 188 
> 144 205 187 
> 144 205 187 
> 144 205 188 
> 144 206 179 
> 144 206 179 
> 144 206 180 
> 144 206 187 
> 144 207 175 
> 144 207 178 
> 144 207 180 
> 144 208 173 
> 144 208 182 
> 144 208 186 
> 144 209 181 
> 144 209 182 
> 144 209 182 
> 144 209 188 
> 144 210 172 
> 144 210 173 
> 144 210 182 
> 144 210 182 
> 144 210 182 
> 144 210 182 
> 144 210 183 
> 144 210 183 
> 144 210 183 
> 144 210 184 
> 144 210 185 
> 144 211 172 
> 144 211 172 
> 144 211 182 
> 144 211 182 
> 144 211 182 
> 144 211 183 
> 144 211 183 
> 144 211 183 
> 144 211 184 
> 144 212 170 
> 144 212 171 
> 144 212 172 
> 144 212 173 
> 144 212 179 
> 144 212 179 
> 144 212 179 
> 144 212 179 
> 144 212 179 
> 144 212 181 
> 144 212 182 
> 144 212 182 
> 144 212 183 
> 144 212 183 
> 144 212 184 
> 144 213 164 
> 144 213 166 
> 144 213 167 
> 144 213 169 
> 144 213 169 
> 144 213 175 
> 144 213 180 
> 144 213 180 
> 144 213 180 
> 144 213 180 
> 144 213 180 
> 144 213 181 
> 144 213 182 
> 144 214 165 
> 144 214 165 
> 143 210 179 
> 143 209 178 
> 143 209 178 
> 143 210 178 
> 143 209 178 
> 143 209 178 
> 143 209 178 
> 143 209 178 
> 143 209 178 
> 143 209 178 
> 143 209 178 
> 143 209 178 
> 143 209 178 
> 143 209 178 
> 143 209 178 
> 143 209 178 
> 143 209 178 
> 143 209 178 
> 143 209 178 
> 143 209 178 
> 143 209 178 
> 143 209 178 
> 143 209 178 
> 143 209 178 
> 143 209 178 
> 143 209 178 
> 143 209 178 
> 143 209 178 
> 143 209 178 
> 143 209 178 
> 143 209 178 
> 143 209 178 
> 143 209 178 
> 143 209 178 
> 143 209 178 
> 143 209 178 
> 143 209 178 
> 143 209 178 
> 143 209 178 
> 143 209 178 
> 143 209 178 
> 143 209 178 
> 143 209 178 
> 143 209 178 
> 143 209 178 
> 143 209 178 
> 143 209 178 
> 143 209 178 
> 143 209 178 
> 143 209 178 
> 143 209 178 
> 143 209 178 
> 143 209 178 
> 143 209 178 
> 143 209 178 
> 143 209 178 
> 143 209 178 
> 143 209 178 
> 143 209 178 
> 143 209 178 
> 143 209 178 
> 143 209 178 
> 143 209 178 
> 143 209 178 
> 143 209 178 
> 143 209 178 
> 143 209 178 
> 143 209 178 
> 143 209 178 
> 143 209 178 
> 143 209 178 
> 143 209 178 
> 143 209 178 
Orange ---------- 
> 127 188 154 
> 127 188 154 
> 127 188 154 
> 127 188 154 
> 127 188 154 
> 127 188 154 
> 127 188 154 
> 127 188 154 
> 127 188 154 
> 127 188 154 
> 127 188 154 
> 127 188 154 
> 127 188 154 
> 127 188 154 
> 127 188 154 
> 127 188 154 
> 127 188 154 
> 127 188 154 
> 127 188 154 
> 127 188 154 
> 127 188 154 
> 127 188 154 
> 127 188 154 
> 127 188 154 
> 127 188 154 
> 127 188 154 
> 127 188 154 
> 127 188 154 
> 127 188 154 
> 127 188 154 
> 127 188 154 
> 127 188 154 
> 127 188 154 
> 127 188 154 
> 127 188 154 
> 127 188 154 
> 127 188 154 
> 127 188 154 
> 127 188 154 
> 127 188 154 
> 127 188 154 
> 127 188 154 
> 127 188 154 
> 127 189 143 
> 127 189 149 
> 127 189 155 
> 127 190 146 
> 127 190 147 
> 127 191 156 
> 127 192 149 
> 127 192 151 
> 127 192 158 
> 127 194 145 
> 127 194 153 
> 127 194 154 
> 127 196 153 
> 127 198 140 
> 127 198 148 
> 127 201 150 
> 127 201 154 
> 128 163 172 
> 128 168 148 
> 128 170 151 
> 128 170 152 
> 128 174 149 
> 128 175 156 
> 128 176 152 
> 128 179 151 
> 128 179 153 
> 128 181 149 
> 128 181 150 
> 128 181 163 
> 128 181 163 
> 128 182 150 
> 128 182 156 
> 128 182 161 
> 128 182 161 
> 128 183 151 
> 128 183 153 
> 128 183 157 
> 128 184 153 
> 128 184 161 
> 128 185 152 
> 128 185 155 
> 128 185 155 
> 128 185 158 
> 128 185 159 
> 128 185 163 
> 128 186 151 
> 128 186 154 
> 128 186 162 
> 128 186 162 
> 128 186 164 
> 128 186 164 
> 128 187 155 
> 128 188 154 
> 128 189 149 
> 128 189 156 
> 128 190 152 
> 128 190 152 
> 128 190 152 
> 128 190 156 
> 128 190 163 
> 128 190 164 
> 128 191 150 
> 128 191 151 
> 128 191 153 
> 128 191 157 
> 127 184 152 
> 127 188 155 
> 127 183 151 
> 126 180 149 
> 126 176 146 
> 126 173 143 
> 126 179 148 
> 127 182 151 
> 128 194 159 
> 127 190 157 
> 126 179 148 
> 126 175 145 
> 128 203 167 
> 129 208 171 
> 128 195 161 
> 126 181 149 
> 128 194 160 
> 126 175 145 
> 127 192 158 
> 128 196 161 
> 127 192 158 
> 126 179 148 
> 126 172 142 
> 125 164 136 
> 126 171 142 
> 129 208 171 
> 123 144 121 
> 134 255 216 
> 123 141 118 
> 130 217 178 
> 131 236 193 
> 134 255 214 
> 117 75 67 
> 116 61 55 
> 143 255 255 
> 147 255 255 
> 133 255 209 
> 115 54 50 
> 128 199 163 
> 126 179 148 
> 128 200 164 
> 125 165 137 
> 125 164 136 
> 129 216 176 
> 123 143 120 
> 127 182 151 
> 127 191 157 
> 127 188 155 
> 127 186 153 
> 127 187 154 
> 127 186 154 
> 127 186 154 
> 127 186 154 
> 127 186 154 
> 127 186 154 
> 127 186 154 
> 127 186 154 
> 127 186 154 
> 127 186 154 
> 127 186 154 
> 127 186 154 
> 127 186 154 
> 127 186 154 
> 127 186 154 
> 127 186 154 
> 127 186 154 
> 127 186 154 
> 127 186 154 
> 127 186 154 
> 127 186 154 
> 127 186 154 
> 127 186 154 
Yellow ---------- 
> 106 185 122 
> 106 196 136 
> 106 197 133 
> 106 199 134 
> 106 200 133 
> 106 202 135 
> 106 204 128 
> 106 204 132 
> 106 213 123 
> 106 216 124 
> 106 216 130 
> 106 218 125 
> 106 218 125 
> 106 218 125 
> 106 218 125 
> 106 218 125 
> 106 218 125 
> 106 218 125 
> 106 218 125 
> 106 218 125 
> 106 218 125 
> 106 218 125 
> 106 218 125 
> 106 218 125 
> 106 218 125 
> 106 218 125 
> 106 218 125 
> 106 218 125 
> 106 218 125 
> 106 218 125 
> 106 218 125 
> 106 218 125 
> 106 218 125 
> 106 218 125 
> 106 218 125 
> 106 218 125 
> 106 218 125 
> 106 218 125 
> 106 218 125 
> 106 218 125 
> 106 218 125 
> 106 218 125 
> 106 218 125 
> 106 218 125 
> 106 218 125 
> 106 218 125 
> 106 218 125 
> 106 218 125 
> 106 218 125 
> 106 218 125 
> 106 218 125 
> 106 218 125 
> 106 218 125 
> 106 218 125 
> 106 218 125 
> 106 218 125 
> 106 218 125 
> 106 218 125 
> 106 218 125 
> 106 218 125 
> 106 218 125 
> 106 218 125 
> 106 218 125 
> 106 218 125 
> 106 218 125 
> 106 218 125 
> 106 218 125 
> 106 218 125 
> 106 218 125 
> 106 218 125 
> 106 218 125 
> 106 218 125 
> 106 218 125 
> 106 218 125 
> 106 218 125 
> 106 218 125 
> 106 218 125 
> 106 220 125 
> 106 220 126 
> 106 221 127 
> 106 222 124 
> 106 222 125 
> 106 222 126 
> 106 223 124 
> 106 226 123 
> 106 227 123 
> 106 235 121 
> 106 236 120 
> 107 197 133 
> 107 198 118 
> 107 200 135 
> 107 201 125 
> 107 209 121 
> 107 211 131 
> 107 213 126 
> 107 214 130 
> 107 217 120 
> 107 217 125 
> 107 217 125 
> 107 223 125 
> 107 223 127 
> 107 224 124 
> 107 227 121 
> 107 227 128 
> 107 234 123 
> 107 235 125 
> 105 212 124 
> 106 215 124 
> 106 213 124 
> 106 218 126 
> 106 216 125 
> 106 216 125 
> 106 216 125 
> 106 216 125 
> 106 216 125 
> 106 216 125 
> 106 216 125 
> 106 216 125 
> 106 216 125 
> 106 216 125 
> 106 216 125 
> 106 216 125 
> 106 216 125 
> 106 216 125 
> 106 216 125 
> 106 216 125 
> 106 216 125 
> 106 216 125 
> 106 216 125 
> 106 216 125 
> 106 216 125 
> 106 216 125 
> 106 216 125 
> 106 216 125 
> 106 216 125 
> 106 216 125 
> 106 216 125 
> 106 216 125 
> 106 216 125 
> 106 216 125 
> 106 216 125 
> 106 216 125 
> 106 216 125 
> 106 216 125 
> 106 216 125 
> 106 216 125 
> 106 216 125 
> 106 216 125 
> 106 216 125 
> 106 216 125 
> 106 216 125 
> 106 216 125 
> 106 216 125 
> 106 216 125 
> 106 216 125 
> 106 216 125 
> 106 216 125 
> 106 216 125 
> 106 216 125 
> 106 216 125 
> 106 216 125 
> 106 216 125 
> 106 216 125 
> 106 216 125 
> 106 216 125 
> 106 216 125 
> 106 216 125 
> 106 216 125 
> 106 216 125 
> 106 216 125 
> 106 216 125 
> 106 216 125 
> 106 216 125 
> 106 216 125 
> 106 216 125 
> 106 216 125 
> 106 216 125 
Green ---------- 
> 85 128 76 
> 85 245 124 
> 85 248 117 
> 85 253 118 
> 85 253 123 
> 85 253 123 
> 86 227 112 
> 86 227 112 
> 86 230 118 
> 86 231 119 
> 86 231 119 
> 86 231 119 
> 86 231 119 
> 86 231 119 
> 86 231 119 
> 86 231 119 
> 86 231 119 
> 86 231 119 
> 86 231 119 
> 86 231 119 
> 86 231 119 
> 86 231 119 
> 86 231 119 
> 86 231 119 
> 86 231 119 
> 86 231 119 
> 86 231 119 
> 86 231 119 
> 86 231 119 
> 86 231 119 
> 86 231 119 
> 86 231 119 
> 86 231 119 
> 86 231 119 
> 86 231 119 
> 86 231 119 
> 86 231 119 
> 86 231 119 
> 86 231 119 
> 86 231 119 
> 86 231 119 
> 86 231 119 
> 86 232 119 
> 86 232 119 
> 86 232 119 
> 86 232 119 
> 86 232 119 
> 86 232 119 
> 86 232 119 
> 86 232 119 
> 86 232 119 
> 86 232 119 
> 86 232 119 
> 86 232 119 
> 86 232 119 
> 86 232 119 
> 86 232 119 
> 86 232 119 
> 86 232 119 
> 86 232 119 
> 86 232 119 
> 86 232 119 
> 86 233 119 
> 86 234 120 
> 86 253 119 
> 86 253 120 
> 86 253 120 
> 86 253 123 
> 86 253 123 
> 86 253 124 
> 86 253 124 
> 86 253 125 
> 86 254 119 
> 87 253 123 
> 87 253 123 
> 87 253 123 
> 87 253 124 
> 87 253 125 
> 87 253 127 
> 87 253 129 
> 88 253 123 
> 88 253 125 
> 88 254 123 
> 89 104 71 
> 89 105 70 
> 89 253 126 
> 86 241 121 
> 86 244 122 
> 86 255 126 
> 84 192 103 
> 86 242 121 
> 86 227 116 
> 86 229 117 
> 86 233 118 
> 86 233 118 
> 86 233 118 
> 86 233 118 
> 86 233 118 
> 86 233 118 
> 86 233 118 
> 86 233 118 
> 86 233 118 
> 86 233 118 
> 86 233 118 
> 86 233 118 
> 86 233 118 
> 86 233 118 
> 86 233 118 
> 86 233 118 
> 86 233 118 
> 86 233 118 
> 86 233 118 
> 86 233 118 
> 86 233 118 
> 86 233 118 
> 86 233 118 
> 86 233 118 
> 86 233 118 
> 86 233 118 
> 86 233 118 
> 86 233 118 
> 86 233 118 
> 86 233 118 
> 86 233 118 
> 86 233 118 
> 86 233 118 
> 86 233 118 
> 86 233 118 
> 86 233 118 
> 86 233 118 
> 86 233 118 
> 86 233 118 
> 86 233 118 
> 86 233 118 
> 86 233 118 
> 86 233 118 
> 86 233 118 
> 86 233 118 
> 86 233 118 
> 86 233 118 
> 86 233 118 
> 86 233 118 
> 86 233 118 
Blue ---------- 
> 48 219 118 
> 48 219 118 
> 48 219 118 
> 48 219 118 
> 48 219 118 
> 48 219 124 
> 48 220 118 
> 48 220 118 
> 48 220 118 
> 48 221 118 
> 48 221 118 
> 48 221 118 
> 48 221 118 
> 48 221 118 
> 48 221 118 
> 48 221 118 
> 48 221 118 
> 48 221 118 
> 48 221 118 
> 48 221 118 
> 48 221 118 
> 48 221 118 
> 48 221 118 
> 48 221 118 
> 48 221 118 
> 48 221 118 
> 48 221 118 
> 48 221 118 
> 48 221 118 
> 48 221 118 
> 48 221 118 
> 48 221 118 
> 48 221 118 
> 48 221 118 
> 48 221 118 
> 48 221 118 
> 48 221 118 
> 48 221 118 
> 48 221 118 
> 48 221 118 
> 48 221 118 
> 48 221 118 
> 48 221 118 
> 48 221 118 
> 48 221 118 
> 48 221 118 
> 48 221 118 
> 48 223 119 
> 48 223 119 
> 48 223 119 
> 48 224 119 
> 48 228 116 
> 48 233 120 
> 48 237 110 
> 48 237 113 
> 48 238 115 
> 48 240 113 
> 48 240 113 
> 48 240 114 
> 48 243 111 
> 48 246 112 
> 48 247 113 
> 48 251 112 
> 48 253 112 
> 49 188 120 
> 49 195 119 
> 49 197 122 
> 49 200 116 
> 49 226 115 
> 49 228 115 
> 49 228 116 
> 49 230 113 
> 49 230 115 
> 49 239 116 
> 49 239 116 
> 49 241 116 
> 49 246 110 
> 49 246 116 
> 49 246 120 
> 49 247 112 
> 49 248 119 
> 49 249 111 
> 47 204 112 
> 48 240 120 
> 47 203 112 
> 48 227 117 
> 48 227 117 
> 48 223 116 
> 48 225 116 
> 48 226 116 
> 48 225 116 
> 48 225 116 
> 48 225 116 
> 48 225 116 
> 48 225 116 
> 48 225 116 
> 48 225 116 
> 48 225 116 
> 48 225 116 
> 48 225 116 
> 48 225 116 
> 48 225 116 
> 48 225 116 
> 48 225 116 
> 48 225 116 
> 48 225 116 
> 48 225 116 
> 48 225 116 
> 48 225 116 
> 48 225 116 
> 48 225 116 
> 48 225 116 
> 48 225 116 
> 48 225 116 
> 48 225 116 
> 48 225 116 
> 48 225 116 
> 48 225 116 
> 48 225 116 
> 48 225 116 
> 48 225 116 
> 48 225 116 
> 48 225 116 
> 48 225 116 
> 48 225 116 
> 48 225 116 
> 48 225 116 
> 48 225 116 
> 48 225 116 
> 48 225 116 
> 48 225 116 
> 48 225 116 
> 48 225 116 
> 48 225 116 
> 48 225 116 
> 48 225 116 
> 48 225 116 
Purple ---------- 
> 186 113 125 
> 186 113 125 
> 186 113 125 
> 186 113 125 
> 186 113 125 
> 186 113 125 
> 186 113 125 
> 186 113 125 
> 186 113 125 
> 186 113 125 
> 186 113 125 
> 186 113 125 
> 186 113 125 
> 186 113 125 
> 186 113 125 
> 186 113 125 
> 186 113 125 
> 186 113 125 
> 186 113 125 
> 186 113 125 
> 186 113 125 
> 186 113 125 
> 186 113 125 
> 186 113 125 
> 186 113 125 
> 186 113 125 
> 186 113 125 
> 186 113 125 
> 186 113 125 
> 186 113 125 
> 186 113 125 
> 186 113 125 
> 186 113 125 
> 186 113 125 
> 186 113 125 
> 186 113 125 
> 186 113 125 
> 186 113 125 
> 186 113 125 
> 186 113 125 
> 186 113 125 
> 186 114 126 
> 186 120 119 
> 186 121 124 
> 187 91 120 
> 187 92 122 
> 187 93 120 
> 187 106 119 
> 187 113 114 
> 187 114 126 
> 187 121 125 
> 188 93 120 
> 188 94 122 
> 188 109 124 
> 188 112 129 
> 188 113 124 
> 188 121 122 
> 189 102 121 
> 190 99 120 
> 190 101 125 
> 190 120 116 
> 190 133 119 
> 191 95 125 
> 191 106 127 
> 191 110 134 
> 191 114 135 
> 191 125 117 
> 191 131 117 
> 191 135 119 
> 191 137 119 
> 192 109 131 
> 192 109 131 
> 192 109 131 
> 192 109 131 
> 192 109 133 
> 190 124 129 
> 193 135 134 
> 181 87 113 
> 193 135 135 
> 176 67 104 
> 200 165 148 
> 165 22 84 
> 185 106 121 
> 188 115 126 
> 188 118 127 
> 189 120 127 
> 186 109 123 
> 186 106 122 
> 189 120 128 
> 185 104 121 
> 185 103 120 
> 190 124 129 
> 187 112 124 
> 187 112 124 
> 187 111 124 
> 187 111 124 
> 187 112 124 
> 187 112 124 
> 187 111 124 
> 187 111 124 
> 187 112 124 
> 187 112 124 
> 187 113 124 
> 187 114 125 
> 187 111 124 
> 187 111 124 
> 187 111 124 
> 187 111 123 
> 187 110 123 
> 187 111 123 
> 187 110 123 
> 187 112 124 
> 187 111 124 
> 187 111 124 
> 187 111 124 
> 187 112 124 
> 187 112 124 
> 187 112 124 
> 187 112 124 
> 187 112 124 
> 187 112 124 
> 187 112 124 
> 187 112 124 
> 187 112 124 
> 187 112 124 
Black ---------- 
> 68 135 36 
> 69 103 45 
> 72 113 36 
> 73 78 43 
> 77 127 37 
> 78 67 42 
> 78 77 41 
> 79 120 39 
> 79 120 39 
> 79 120 39 
> 79 120 39 
> 79 120 39 
> 79 120 39 
> 79 120 39 
> 79 120 39 
> 79 120 39 
> 79 120 39 
> 79 120 39 
> 79 120 39 
> 79 120 39 
> 79 120 39 
> 79 120 39 
> 79 120 39 
> 79 120 39 
> 79 120 39 
> 79 120 39 
> 79 120 39 
> 79 120 39 
> 79 120 39 
> 79 120 39 
> 79 120 39 
> 79 120 39 
> 79 120 39 
> 79 120 39 
> 79 120 39 
> 79 120 39 
> 80 118 37 
> 82 115 38 
> 83 121 41 
> 83 126 41 
> 84 109 47 
> 84 126 37 
> 87 102 41 
> 87 107 37 
> 88 124 38 
> 79 115 39 
> 79 116 39 
> 79 116 39 
> 79 116 39 
> 79 116 39 
> 79 116 39 
> 79 116 39 
> 79 116 39 
> 79 116 39 
> 79 116 39 
> 79 116 39 
> 79 116 39 
> 79 116 39 
> 79 116 39 
> 79 116 39 
> 79 116 39 
> 79 116 39 
> 79 116 39 
> 79 116 39 
> 79 116 39 
> 79 116 39 
> 79 116 39 
> 79 116 39 
> 79 116 39 
> 79 116 39 
> 79 116 39 
> 79 116 39 
> 79 116 39 
> 79 116 39 
> 79 116 39 
> 79 116 39 
White ---------- 
> 58 44 130 
> 59 42 125 
> 60 14 123 
> 60 27 130 
> 60 32 125 
> 60 32 125 
> 61 15 124 
> 61 28 136 
> 61 29 123 
> 61 41 125 
> 62 25 125 
> 64 28 126 
> 64 31 125 
> 65 19 125 
> 65 23 127 
> 65 26 128 
> 66 21 124 
> 66 21 132 
> 67 19 130 
> 68 32 125 
> 69 22 128 
> 70 22 129 
> 72 20 126 
> 73 11 122 
> 73 14 127 
> 73 19 130 
> 73 20 124 
> 73 20 126 
> 75 31 128 
> 76 32 129 
> 77 14 124 
> 77 18 129 
> 78 13 125 
> 78 36 130 
> 79 13 125 
> 80 13 124 
> 64 20 125 
> 70 27 127 
> 64 19 125 
> 74 31 129 
> 64 19 124 
> 65 21 125 
> 67 22 126 
> 68 25 126 
> 68 24 126 
> 68 24 126 
> 68 24 126 
> 68 24 126 
> 68 24 126 
> 67 23 126 
> 67 24 126 
> 68 24 126 
> 68 24 126 
> 68 24 126 
> 68 24 126 
> 68 24 126 
> 68 24 126 
> 68 24 126 
> 68 24 126 
> 68 24 126 
> 68 24 126 
