[Parking_100_8444_KNN_data]
Labels : Blue Orange Yellow 
 
Features : h s v 
Blue ---------- 
> 41 250 145 
> 41 251 143 
> 41 251 144 
> 41 254 147 
> 41 254 148 
> 41 254 150 
> 41 254 150 
> 41 254 151 
> 41 254 152 
> 42 154 127 
> 42 176 132 
> 42 201 131 
> 42 208 131 
> 42 221 135 
> 42 241 149 
> 58 176 127 
> 66 190 133 
> 68 192 134 
> 68 192 134 
> 68 192 134 
> 68 192 134 
> 68 192 134 
> 68 192 134 
> 68 192 134 
> 68 192 134 
> 68 192 134 
> 68 192 134 
> 68 192 134 
> 68 192 134 
> 68 192 134 
> 68 192 134 
> 68 192 134 
> 68 192 134 
> 68 192 134 
> 68 192 134 
> 68 192 134 
> 68 192 134 
> 68 192 134 
> 68 192 134 
> 68 192 134 
> 68 192 134 
> 68 192 134 
> 68 192 134 
> 68 192 134 
> 68 192 134 
> 68 192 134 
> 68 192 134 
> 68 192 134 
> 68 193 134 
> 68 193 134 
> 69 194 134 
> 73 102 71 
> 75 85 138 
> 75 87 141 
> 75 100 141 
> 80 154 42 
> 106 119 84 
> 53 169 122 
> 61 191 132 
> 61 190 131 
> 63 197 134 
> 61 190 131 
> 61 191 131 
> 61 192 132 
> 61 191 132 
> 62 194 133 
> 61 192 132 
> 62 194 133 
> 62 193 132 
> 62 193 132 
> 62 193 132 
> 62 193 132 
> 62 193 132 
> 62 193 132 
> 62 193 132 
> 62 193 132 
> 62 193 132 
> 62 193 132 
> 62 193 132 
> 62 193 132 
> 62 193 132 
> 62 193 132 
> 62 193 132 
> 62 193 132 
> 62 193 132 
> 62 193 132 
> 62 193 132 
> 62 193 132 
> 62 193 132 
> 62 193 132 
> 62 193 132 
> 62 193 132 
> 62 193 132 
> 62 193 132 
> 62 193 132 
Orange ---------- 
> 103 111 87 
> 104 136 110 
> 109 114 88 
> 110 148 117 
> 111 117 85 
> 111 159 136 
> 113 155 122 
> 113 156 122 
> 113 156 122 
> 113 156 122 
> 113 156 122 
> 113 157 123 
> 114 158 123 
> 115 161 125 
> 116 163 127 
> 127 167 139 
> 127 180 135 
> 127 183 140 
> 127 187 140 
> 127 189 139 
> 127 190 141 
> 118 164 127 
> 117 162 126 
> 118 165 128 
> 115 155 121 
> 116 157 122 
> 116 158 123 
> 115 156 121 
> 116 158 123 
> 114 154 120 
> 116 160 124 
> 117 160 124 
> 114 154 120 
> 114 154 120 
Yellow ---------- 
> 106 228 121 
> 106 228 121 
> 106 229 121 
> 106 230 121 
> 106 230 122 
> 106 231 122 
> 106 231 122 
> 106 231 122 
> 106 231 122 
> 106 231 122 
> 106 231 122 
> 106 231 122 
> 106 231 122 
> 106 231 122 
> 106 231 122 
> 106 232 122 
> 106 232 122 
> 106 232 122 
> 106 232 122 
> 106 233 122 
> 106 233 122 
> 106 239 117 
> 106 239 119 
> 106 242 123 
> 106 243 123 
> 106 244 120 
> 106 244 121 
> 106 245 115 
> 106 245 115 
> 107 223 124 
> 106 235 121 
> 106 236 121 
> 106 237 122 
> 106 240 123 
> 105 232 120 
> 105 231 120 
> 105 230 119 
> 106 239 123 
> 106 233 121 
> 106 233 121 
> 106 233 121 
> 106 233 121 
> 106 233 121 
> 106 233 121 
> 106 233 121 
> 106 233 121 
> 106 233 121 
> 106 233 121 
> 106 233 121 
> 106 233 121 
> 106 233 121 
