[tmp_KNN_data]
Labels : Red Orange Yellow Green Blue Purple 
 
Features : h s v 
Red ---------- 
> 137 127 148 
> 138 95 142 
> 138 164 184 
> 143 66 120 
> 145 156 154 
> 145 166 158 
> 145 207 185 
> 146 177 140 
> 146 197 203 
> 146 201 198 
> 146 203 182 
> 146 206 187 
> 146 208 179 
> 146 209 173 
> 146 210 203 
> 146 219 193 
> 146 233 201 
> 147 201 202 
> 147 207 192 
> 147 208 191 
> 147 213 215 
> 148 238 210 
> 142 147 156 
> 147 228 205 
> 140 127 144 
> 138 96 126 
> 136 66 108 
> 132 11 75 
> 137 78 115 
> 143 167 168 
> 143 163 165 
> 143 163 166 
> 142 154 160 
> 143 174 172 
> 145 196 185 
Orange ---------- 
> 128 97 96 
> 130 174 183 
> 131 144 176 
> 131 157 181 
> 131 177 185 
> 131 177 192 
> 131 179 181 
> 131 184 183 
> 131 189 189 
> 131 189 191 
> 131 190 186 
> 131 190 189 
> 132 98 141 
> 132 164 181 
> 132 173 188 
> 132 173 203 
> 132 175 180 
> 132 175 189 
> 132 175 194 
> 132 177 187 
> 132 177 195 
> 132 177 197 
> 132 178 188 
> 132 178 190 
> 132 178 197 
> 132 179 186 
> 132 179 194 
> 132 179 197 
> 132 179 199 
> 132 179 210 
> 132 194 206 
> 130 157 172 
> 131 170 183 
> 131 173 186 
> 131 171 184 
> 131 171 184 
> 131 171 184 
> 131 171 184 
> 131 171 184 
> 131 171 184 
> 131 171 184 
> 131 171 184 
> 131 171 184 
> 131 171 184 
> 131 171 184 
> 131 171 184 
> 131 171 184 
> 131 171 184 
> 131 171 184 
Yellow ---------- 
> 104 150 107 
> 104 163 121 
> 107 164 134 
> 107 169 137 
> 108 187 136 
> 109 212 139 
> 110 119 99 
> 110 229 143 
> 111 170 128 
> 111 172 130 
> 112 237 161 
> 113 174 124 
> 113 213 153 
> 113 221 151 
> 113 231 174 
> 114 200 144 
> 114 202 163 
> 114 235 167 
> 115 168 145 
> 115 181 152 
> 115 191 140 
> 111 198 145 
> 109 176 132 
> 112 199 146 
> 112 200 146 
> 109 178 133 
> 110 187 138 
> 110 186 138 
> 110 182 136 
> 109 177 133 
> 111 194 142 
> 111 194 143 
> 110 188 139 
> 111 190 140 
> 110 188 139 
Green ---------- 
> 59 112 143 
> 59 254 139 
> 60 22 155 
> 61 254 137 
> 61 254 139 
> 62 174 132 
> 62 230 147 
> 62 254 131 
> 63 229 140 
> 63 254 137 
> 64 23 177 
> 64 120 127 
> 64 220 137 
> 65 194 145 
> 67 67 126 
> 69 147 150 
> 69 148 131 
> 69 188 133 
> 71 41 136 
> 71 127 111 
> 71 131 144 
> 71 185 120 
> 72 105 122 
> 72 188 79 
> 69 235 151 
> 67 196 142 
> 65 168 136 
> 65 155 133 
> 65 157 133 
> 66 173 137 
> 65 167 135 
> 64 155 133 
> 65 161 134 
> 65 161 134 
> 65 165 135 
> 65 161 134 
> 65 165 135 
> 65 163 134 
> 65 163 134 
Blue ---------- 
> 41 139 148 
> 41 193 168 
> 41 208 154 
> 41 223 173 
> 41 254 183 
> 43 168 131 
> 43 223 162 
> 44 176 131 
> 44 189 142 
> 45 108 149 
> 45 116 131 
> 45 125 147 
> 46 100 153 
> 46 101 158 
> 46 135 157 
> 47 87 162 
> 52 66 176 
> 58 180 159 
> 60 20 148 
> 60 21 155 
> 62 21 155 
> 71 165 154 
> 75 153 155 
> 41 84 143 
> 56 186 164 
> 50 145 155 
> 50 142 155 
> 48 130 153 
> 48 132 153 
> 49 141 155 
> 48 132 153 
> 48 129 152 
> 48 131 153 
> 48 134 153 
> 49 136 154 
> 49 137 154 
> 49 138 154 
> 49 137 154 
Purple ---------- 
> 123 69 117 
> 131 76 111 
> 135 12 108 
> 143 80 134 
> 146 82 108 
> 151 97 112 
> 152 80 127 
> 155 111 134 
> 158 92 152 
> 166 98 137 
> 169 134 159 
> 172 98 115 
> 179 119 138 
> 180 43 111 
> 181 73 121 
> 181 106 132 
> 181 118 134 
> 184 31 108 
> 184 98 143 
> 184 98 145 
> 200 143 157 
> 210 157 165 
> 191 129 150 
> 133 41 103 
> 185 120 145 
> 156 76 122 
> 170 97 133 
> 161 83 126 
> 163 86 127 
> 164 87 128 
> 162 85 127 
> 162 85 127 
> 162 85 127 
