[Parking_1500_8444_KNN_data]
Labels : Orange Blue Yellow 
 
Features : h s v 
Orange ---------- 
> 127 195 174 
> 127 196 174 
> 127 196 179 
> 127 196 180 
> 127 197 174 
> 127 197 177 
> 127 197 179 
> 127 197 180 
> 127 197 181 
> 127 198 172 
> 127 198 173 
> 127 198 178 
> 127 198 178 
> 127 198 179 
> 127 198 179 
> 127 198 180 
> 127 199 172 
> 127 199 175 
> 127 199 175 
> 127 200 170 
> 127 200 171 
> 127 200 177 
> 127 201 172 
> 127 201 177 
> 127 202 171 
> 127 202 173 
> 127 203 174 
> 127 203 175 
> 127 203 175 
> 127 204 169 
> 127 204 172 
> 127 205 169 
> 127 206 163 
> 127 207 174 
> 127 209 172 
> 127 210 165 
> 127 210 175 
> 127 210 175 
> 127 210 176 
> 127 211 173 
> 127 212 177 
> 127 214 162 
> 127 214 172 
> 127 214 173 
> 127 214 173 
> 128 153 159 
> 128 154 162 
> 128 162 164 
> 128 167 165 
> 128 173 179 
> 128 176 171 
> 128 180 176 
> 128 180 177 
> 128 180 179 
> 128 181 179 
> 128 184 172 
> 128 184 174 
> 128 184 180 
> 128 184 185 
> 128 185 169 
> 128 185 175 
> 128 185 179 
> 128 186 173 
> 128 186 175 
> 128 187 174 
> 128 187 177 
> 128 187 178 
> 128 188 163 
> 128 188 169 
> 128 188 181 
> 128 188 184 
> 128 189 167 
> 128 189 173 
> 128 189 173 
> 128 189 174 
> 128 189 176 
> 128 189 177 
> 128 189 179 
> 128 189 179 
> 128 189 179 
> 128 189 180 
> 128 189 182 
> 128 189 184 
> 128 190 170 
> 128 190 171 
> 128 190 174 
> 128 190 174 
> 128 190 175 
> 128 190 175 
> 128 190 177 
> 128 190 178 
> 128 190 181 
> 128 190 181 
> 128 190 181 
> 128 190 183 
> 128 191 169 
> 128 191 169 
> 128 191 171 
> 128 191 174 
> 128 191 174 
> 128 191 174 
> 128 191 174 
> 128 191 175 
> 128 191 177 
> 128 191 178 
> 128 191 178 
> 128 191 180 
> 128 192 166 
> 128 192 168 
> 128 192 170 
> 128 192 170 
> 128 192 172 
> 128 192 172 
> 128 192 173 
> 128 192 173 
> 128 192 174 
> 128 192 176 
> 128 192 176 
> 128 192 176 
> 128 192 177 
> 128 192 178 
> 128 192 179 
> 128 192 179 
> 128 192 182 
> 128 192 183 
> 128 193 167 
> 128 193 170 
> 128 193 171 
> 128 193 172 
> 128 193 173 
> 128 193 175 
> 128 193 176 
> 128 193 176 
> 128 193 177 
> 128 193 179 
> 128 193 179 
> 128 193 180 
> 128 193 180 
> 128 193 181 
> 128 193 182 
> 128 193 183 
> 128 194 167 
> 128 194 169 
> 128 194 169 
> 128 194 171 
> 128 194 171 
> 128 194 172 
> 128 194 173 
> 128 194 177 
> 128 194 177 
> 128 194 178 
> 128 194 178 
> 128 194 178 
> 128 194 178 
> 128 194 179 
> 128 194 180 
> 128 194 181 
> 128 195 167 
> 128 195 170 
> 128 195 174 
> 128 195 175 
> 128 195 175 
> 128 195 176 
> 128 195 177 
> 128 195 177 
> 128 195 182 
> 128 195 182 
> 128 196 169 
> 128 196 170 
> 128 196 171 
> 128 196 171 
> 128 196 172 
> 128 196 172 
> 128 196 172 
> 128 196 174 
> 128 196 176 
> 128 196 177 
> 128 196 180 
> 128 196 182 
> 128 196 183 
> 128 197 172 
> 128 197 173 
> 128 197 173 
> 128 197 175 
> 128 197 176 
> 128 197 177 
> 128 197 178 
> 128 197 178 
> 128 197 178 
> 128 197 181 
> 128 197 182 
> 128 197 182 
> 128 197 182 
> 128 197 184 
> 128 197 184 
> 128 198 167 
> 128 198 171 
> 128 198 174 
> 128 198 175 
> 128 198 177 
> 128 198 178 
> 128 198 178 
> 128 198 179 
> 128 199 175 
> 128 199 177 
> 128 199 178 
> 128 199 183 
> 128 199 184 
> 128 200 172 
> 128 200 173 
> 128 200 176 
> 128 200 176 
> 128 200 179 
> 128 200 179 
> 128 200 184 
> 128 200 186 
> 128 201 169 
> 128 201 170 
> 128 201 171 
> 128 201 172 
> 128 201 172 
> 128 201 174 
> 128 201 174 
> 128 201 176 
> 128 201 176 
> 128 201 177 
> 128 201 177 
> 128 201 177 
> 128 201 178 
> 128 201 178 
> 128 201 179 
> 128 201 179 
> 128 201 179 
> 128 201 180 
> 128 201 186 
> 128 202 170 
> 128 202 172 
> 128 202 173 
> 128 202 175 
> 128 202 175 
> 128 202 175 
> 128 202 178 
> 128 202 178 
> 128 202 179 
> 128 202 180 
> 128 202 184 
> 128 202 188 
> 128 203 169 
> 128 203 171 
> 128 203 172 
> 128 203 172 
> 128 203 173 
> 128 203 175 
> 128 203 176 
> 128 203 176 
> 128 203 176 
> 128 203 176 
> 128 203 177 
> 128 203 178 
> 128 203 181 
> 128 203 183 
> 128 204 173 
> 128 204 176 
> 128 204 178 
> 128 204 179 
> 128 204 179 
> 128 204 183 
> 128 205 169 
> 128 205 169 
> 128 205 172 
> 128 205 175 
> 128 205 176 
> 128 206 169 
> 128 206 171 
> 128 207 172 
> 128 207 174 
> 128 207 176 
> 128 207 178 
> 128 207 178 
> 128 207 179 
> 128 207 180 
> 128 207 181 
> 128 208 172 
> 128 208 181 
> 128 208 183 
> 128 209 179 
> 128 210 175 
> 128 210 180 
> 128 210 181 
> 128 211 173 
> 128 211 176 
> 128 211 184 
> 128 212 168 
> 128 212 180 
> 128 213 185 
> 128 213 187 
> 128 216 180 
> 128 216 182 
> 129 173 168 
> 129 173 179 
> 129 177 179 
> 129 177 189 
> 129 179 175 
> 129 182 174 
> 129 182 182 
> 129 183 169 
> 129 183 174 
> 129 183 175 
> 129 183 178 
> 129 184 175 
> 129 184 175 
> 129 184 178 
> 129 184 184 
> 129 185 176 
> 129 185 179 
> 129 185 179 
> 129 185 180 
> 129 185 181 
> 129 185 181 
> 129 185 183 
> 129 185 183 
> 129 185 183 
> 129 185 183 
> 129 185 183 
> 129 185 184 
> 129 185 187 
> 129 186 173 
> 129 186 177 
> 129 186 178 
> 129 186 178 
> 129 186 178 
> 129 186 183 
> 129 186 184 
> 129 186 185 
> 129 186 193 
> 129 187 175 
> 129 187 177 
> 129 187 179 
> 129 187 179 
> 129 187 179 
> 129 187 179 
> 129 187 179 
> 129 187 179 
> 129 187 181 
> 129 187 182 
> 129 187 184 
> 129 187 185 
> 129 187 186 
> 129 188 177 
> 129 188 179 
> 129 188 179 
> 129 188 179 
> 129 188 179 
> 129 188 180 
> 129 188 180 
> 129 188 180 
> 129 188 180 
> 127 191 174 
> 128 195 176 
> 127 193 175 
> 128 196 177 
> 127 192 174 
> 127 190 174 
> 127 187 172 
> 128 195 176 
> 128 194 176 
> 128 195 176 
> 128 196 177 
> 128 196 176 
> 127 192 175 
> 127 194 175 
> 128 195 176 
> 127 193 175 
> 127 192 175 
> 128 194 176 
> 128 194 176 
> 128 195 176 
> 128 194 176 
> 128 194 176 
> 128 194 176 
> 128 194 176 
> 128 195 176 
> 128 195 176 
> 128 194 176 
> 128 195 176 
> 128 194 176 
> 128 195 176 
> 128 194 176 
> 128 195 176 
> 128 194 176 
> 128 195 176 
> 128 195 176 
> 128 195 176 
> 128 194 176 
> 128 195 176 
> 128 195 176 
> 128 195 176 
> 128 195 176 
> 128 195 176 
> 128 195 176 
> 128 195 176 
> 128 195 176 
> 128 195 176 
> 128 195 176 
> 128 194 176 
> 128 194 176 
> 128 194 176 
> 128 194 176 
> 128 195 176 
> 128 195 176 
> 128 195 176 
> 128 194 176 
> 128 195 176 
> 128 194 176 
> 128 194 176 
> 128 195 176 
> 128 194 176 
> 128 194 176 
> 128 195 176 
> 128 194 176 
> 128 195 176 
> 128 195 176 
> 128 194 176 
> 128 195 176 
> 128 195 176 
> 128 195 176 
> 128 194 176 
> 128 195 176 
> 128 194 176 
> 128 195 176 
> 128 195 176 
> 128 195 176 
> 128 195 176 
> 128 194 176 
> 128 195 176 
> 128 194 176 
> 128 194 176 
> 128 194 176 
> 128 194 176 
> 128 194 176 
> 128 194 176 
> 128 194 176 
> 128 195 176 
> 128 194 176 
> 128 194 176 
> 128 195 176 
> 128 194 176 
> 128 194 176 
> 128 194 176 
> 128 195 176 
> 128 195 176 
> 128 195 176 
> 128 195 176 
> 128 194 176 
> 128 194 176 
> 128 194 176 
> 128 195 176 
> 128 194 176 
> 128 195 176 
> 128 195 176 
> 128 195 176 
> 128 195 176 
> 128 195 176 
> 128 195 176 
> 128 195 176 
> 128 195 176 
> 128 195 176 
> 128 195 176 
> 128 195 176 
> 128 195 176 
> 128 195 176 
> 128 195 176 
> 128 195 176 
> 128 195 176 
> 128 195 176 
> 128 195 176 
> 128 195 176 
> 128 195 176 
> 128 195 176 
> 128 195 176 
> 128 195 176 
> 128 195 176 
> 128 195 176 
> 128 195 176 
> 128 195 176 
> 128 195 176 
> 128 195 176 
> 128 195 176 
> 128 195 176 
> 128 195 176 
> 128 195 176 
> 128 195 176 
> 128 195 176 
> 128 195 176 
> 128 195 176 
> 128 195 176 
> 128 195 176 
> 128 195 176 
> 128 195 176 
> 128 195 176 
> 128 195 176 
> 128 195 176 
> 128 195 176 
> 128 195 176 
> 128 195 176 
> 128 195 176 
> 128 195 176 
> 128 195 176 
> 128 195 176 
> 128 195 176 
> 128 195 176 
> 128 195 176 
> 128 195 176 
> 128 195 176 
> 128 195 176 
> 128 195 176 
> 128 195 176 
> 128 195 176 
> 128 195 176 
> 128 195 176 
> 128 195 176 
> 128 195 176 
> 128 195 176 
> 128 195 176 
> 128 195 176 
> 128 195 176 
> 128 195 176 
> 128 195 176 
> 128 195 176 
> 128 195 176 
> 128 195 176 
> 128 195 176 
> 128 195 176 
> 128 195 176 
> 128 195 176 
> 128 195 176 
> 128 195 176 
> 128 195 176 
> 128 195 176 
> 128 195 176 
> 128 195 176 
> 128 195 176 
> 128 195 176 
> 128 195 176 
> 128 195 176 
> 128 195 176 
> 128 195 176 
> 128 195 176 
> 128 195 176 
> 128 195 176 
> 128 195 176 
> 128 195 176 
> 128 195 176 
> 128 195 176 
> 128 195 176 
> 128 195 176 
> 128 195 176 
> 128 195 176 
> 128 195 176 
> 128 195 176 
> 128 195 176 
> 128 195 176 
> 128 195 176 
> 128 195 176 
> 128 195 176 
> 128 195 176 
> 128 195 176 
> 128 195 176 
> 128 195 176 
> 128 195 176 
> 128 195 176 
> 128 195 176 
> 128 195 176 
> 128 195 176 
> 128 195 176 
> 128 195 176 
> 128 195 176 
> 128 195 176 
> 128 195 176 
> 128 195 176 
> 128 195 176 
> 128 195 176 
> 128 195 176 
> 128 195 176 
> 128 195 176 
> 128 195 176 
> 128 195 176 
> 128 195 176 
> 128 195 176 
> 128 195 176 
> 128 195 176 
> 128 195 176 
> 128 195 176 
> 128 195 176 
> 128 195 176 
> 128 195 176 
Blue ---------- 
> 39 205 189 
> 39 206 155 
> 39 207 135 
> 39 211 158 
> 39 213 157 
> 39 217 159 
> 39 221 178 
> 39 232 167 
> 39 233 183 
> 40 164 165 
> 40 165 164 
> 40 167 159 
> 40 174 170 
> 40 175 154 
> 40 178 162 
> 40 183 158 
> 40 185 159 
> 40 185 161 
> 40 186 157 
> 40 190 159 
> 40 192 153 
> 40 192 158 
> 40 194 160 
> 40 197 158 
> 40 197 159 
> 40 200 166 
> 40 202 158 
> 40 205 165 
> 40 206 162 
> 40 208 158 
> 40 209 173 
> 40 210 164 
> 40 211 160 
> 40 211 171 
> 40 211 171 
> 40 213 165 
> 40 214 168 
> 40 216 167 
> 40 216 170 
> 40 217 168 
> 40 217 175 
> 40 217 185 
> 40 218 166 
> 40 220 154 
> 40 223 164 
> 40 223 168 
> 40 223 174 
> 40 223 177 
> 40 224 163 
> 40 226 168 
> 40 227 174 
> 40 229 175 
> 40 231 152 
> 40 231 155 
> 40 232 163 
> 40 233 176 
> 40 234 176 
> 40 234 177 
> 40 235 171 
> 40 235 177 
> 40 235 183 
> 40 236 180 
> 40 236 181 
> 40 237 179 
> 40 238 182 
> 40 242 165 
> 40 243 157 
> 40 243 177 
> 40 243 181 
> 40 243 181 
> 40 245 183 
> 40 246 178 
> 40 247 168 
> 40 247 184 
> 40 247 184 
> 40 250 179 
> 40 251 184 
> 40 252 183 
> 40 254 170 
> 40 254 172 
> 40 254 175 
> 40 254 178 
> 40 254 180 
> 40 254 182 
> 40 254 183 
> 40 254 187 
> 40 254 189 
> 41 171 158 
> 41 174 170 
> 41 175 159 
> 41 179 146 
> 41 179 169 
> 41 185 159 
> 41 191 166 
> 41 199 159 
> 41 206 159 
> 41 215 157 
> 41 218 153 
> 41 218 160 
> 41 220 159 
> 41 222 136 
> 41 229 167 
> 41 232 162 
> 41 232 162 
> 41 232 167 
> 41 234 163 
> 41 234 170 
> 41 236 162 
> 41 236 164 
> 41 236 164 
> 41 238 166 
> 41 239 153 
> 41 239 163 
> 41 239 165 
> 41 239 167 
> 41 240 167 
> 41 243 163 
> 41 247 167 
> 41 247 168 
> 41 247 168 
> 41 248 175 
> 41 249 178 
> 41 250 176 
> 41 251 166 
> 41 251 174 
> 41 252 168 
> 41 252 169 
> 41 252 180 
> 41 252 183 
> 41 253 170 
> 41 253 171 
> 41 254 167 
> 41 254 171 
> 41 254 172 
> 41 254 173 
> 41 254 181 
> 42 186 155 
> 42 193 150 
> 42 196 147 
> 42 199 148 
> 42 200 167 
> 42 202 153 
> 42 203 146 
> 42 203 153 
> 42 205 157 
> 42 206 153 
> 42 207 136 
> 42 208 115 
> 42 213 149 
> 43 146 141 
> 43 148 160 
> 43 162 136 
> 43 165 138 
> 43 169 140 
> 43 170 134 
> 43 186 147 
> 43 196 150 
> 43 199 148 
> 43 202 155 
> 43 208 146 
> 43 209 158 
> 43 211 165 
> 43 213 149 
> 43 215 146 
> 43 215 164 
> 43 216 140 
> 43 217 144 
> 43 217 145 
> 43 219 148 
> 43 220 156 
> 43 220 161 
> 43 222 152 
> 43 222 158 
> 43 223 153 
> 43 224 148 
> 43 225 162 
> 43 228 160 
> 43 228 168 
> 43 230 163 
> 43 231 161 
> 43 231 162 
> 43 232 154 
> 44 137 160 
> 44 156 137 
> 44 177 149 
> 44 179 147 
> 44 181 139 
> 44 187 140 
> 44 187 153 
> 44 195 143 
> 44 198 147 
> 44 199 152 
> 44 204 148 
> 44 205 147 
> 44 209 127 
> 44 210 149 
> 44 211 153 
> 44 212 144 
> 44 214 150 
> 44 214 152 
> 44 216 149 
> 44 218 155 
> 44 220 151 
> 44 220 155 
> 43 255 185 
> 46 255 206 
> 36 140 123 
> 35 112 108 
> 36 133 119 
> 31 55 79 
> 42 239 173 
> 42 237 172 
> 41 221 163 
> 41 213 160 
> 41 213 160 
> 41 219 163 
> 41 220 163 
> 40 211 159 
> 41 223 165 
> 40 211 159 
> 41 220 163 
> 41 213 159 
> 41 222 164 
> 40 212 159 
> 41 217 162 
> 41 217 162 
> 41 216 161 
> 41 215 161 
> 41 215 161 
> 41 216 161 
> 41 216 161 
> 41 217 162 
> 41 216 161 
> 41 215 161 
> 41 217 162 
> 41 218 162 
> 41 218 162 
> 41 217 162 
> 41 217 161 
> 41 217 162 
> 41 217 161 
> 41 217 161 
> 41 217 161 
> 41 217 161 
> 41 217 161 
> 41 217 161 
> 41 217 161 
> 41 217 161 
> 41 217 161 
> 41 217 161 
> 41 217 161 
> 41 217 161 
> 41 217 161 
> 41 217 161 
> 41 217 161 
> 41 217 161 
> 41 217 161 
> 41 217 161 
> 41 217 161 
> 41 217 161 
> 41 217 161 
> 41 217 161 
> 41 217 161 
> 41 217 161 
> 41 217 161 
> 41 217 161 
> 41 217 161 
> 41 217 161 
> 41 217 161 
> 41 217 161 
> 41 217 161 
> 41 217 161 
> 41 217 161 
> 41 217 161 
> 41 217 161 
> 41 217 161 
> 41 217 161 
> 41 217 161 
> 41 217 161 
> 41 217 161 
> 41 217 161 
> 41 217 161 
> 41 217 161 
> 41 217 161 
> 41 217 161 
> 41 217 161 
> 41 217 161 
> 41 217 161 
> 41 217 161 
> 41 217 161 
> 41 217 161 
> 41 217 161 
> 41 217 161 
> 41 217 161 
> 41 217 161 
> 41 217 161 
> 41 217 161 
> 41 217 161 
> 41 217 161 
> 41 217 161 
> 41 217 161 
> 41 217 161 
> 41 217 161 
> 41 217 161 
> 41 217 161 
> 41 217 161 
> 41 217 161 
> 41 217 161 
> 41 217 161 
> 41 217 161 
> 41 217 161 
> 41 217 161 
> 41 217 161 
> 41 217 161 
> 41 217 161 
> 41 217 161 
> 41 217 161 
> 41 217 161 
> 41 217 161 
> 41 217 161 
> 41 217 161 
> 41 217 161 
> 41 217 161 
> 41 217 161 
> 41 217 161 
> 41 217 161 
> 41 217 161 
> 41 217 161 
> 41 217 161 
> 41 217 161 
> 41 217 161 
> 41 217 161 
> 41 217 161 
> 41 217 161 
> 41 217 161 
> 41 217 161 
> 41 217 161 
> 41 217 161 
> 41 217 161 
> 41 217 161 
Yellow ---------- 
> 101 212 115 
> 101 213 109 
> 101 222 135 
> 101 243 103 
> 102 213 110 
> 102 223 122 
> 102 249 118 
> 102 250 118 
> 102 251 108 
> 103 169 113 
> 103 183 121 
> 103 222 129 
> 103 237 98 
> 103 252 104 
> 104 168 120 
> 104 212 122 
> 104 252 106 
> 105 209 119 
> 105 230 136 
> 105 241 127 
> 105 245 108 
> 105 245 108 
> 106 198 121 
> 106 223 123 
> 106 228 112 
> 106 241 118 
> 107 160 89 
> 107 238 111 
> 107 247 142 
> 107 250 131 
> 107 252 134 
> 107 252 147 
> 107 254 135 
> 108 218 143 
> 108 240 144 
> 108 248 117 
> 108 250 146 
> 108 252 121 
> 108 253 121 
> 108 253 141 
> 108 254 133 
> 108 254 144 
> 109 200 129 
> 109 234 140 
> 109 234 144 
> 109 236 136 
> 109 244 120 
> 109 249 132 
> 109 249 135 
> 109 251 132 
> 109 251 133 
> 109 252 132 
> 109 252 134 
> 109 253 134 
> 109 254 128 
> 109 254 129 
> 109 254 129 
> 109 254 130 
> 109 254 131 
> 109 254 131 
> 109 254 132 
> 109 254 133 
> 109 254 133 
> 110 194 119 
> 110 231 135 
> 110 234 140 
> 110 237 135 
> 110 237 138 
> 110 239 135 
> 110 240 120 
> 110 241 135 
> 110 243 123 
> 110 244 133 
> 110 245 131 
> 110 249 135 
> 110 250 131 
> 110 250 132 
> 110 251 134 
> 110 252 132 
> 110 252 132 
> 110 252 136 
> 110 253 122 
> 110 253 129 
> 110 253 132 
> 110 253 138 
> 110 254 127 
> 110 254 129 
> 110 254 130 
> 110 254 132 
> 110 254 133 
> 110 254 134 
> 110 254 136 
> 111 204 122 
> 111 230 138 
> 111 236 142 
> 111 238 132 
> 111 242 137 
> 111 242 137 
> 111 243 137 
> 111 243 137 
> 111 244 137 
> 111 244 138 
> 111 245 136 
> 111 245 136 
> 111 245 137 
> 111 247 135 
> 111 247 136 
> 111 247 136 
> 111 247 142 
> 111 248 134 
> 111 248 134 
> 111 249 134 
> 111 249 134 
> 111 249 138 
> 111 250 129 
> 111 251 134 
> 111 251 135 
> 111 252 131 
> 111 252 139 
> 111 253 135 
> 111 253 136 
> 111 254 129 
> 111 254 130 
> 111 254 130 
> 111 254 131 
> 111 254 133 
> 111 254 133 
> 111 254 135 
> 111 254 136 
> 111 254 137 
> 111 254 139 
> 112 223 150 
> 112 229 146 
> 112 231 152 
> 112 236 144 
> 112 237 141 
> 112 238 149 
> 112 240 145 
> 112 241 125 
> 112 241 140 
> 112 241 140 
> 112 241 145 
> 112 243 147 
> 112 245 141 
> 112 245 142 
> 112 246 141 
> 112 252 138 
> 112 252 140 
> 112 253 140 
> 112 253 140 
> 112 254 129 
> 112 254 135 
> 112 254 137 
> 112 254 138 
> 112 254 139 
> 112 254 144 
> 113 221 153 
> 113 232 142 
> 113 234 137 
> 113 235 142 
> 113 235 142 
> 113 237 137 
> 113 237 142 
> 113 238 145 
> 103 207 110 
> 114 255 152 
> 118 255 164 
> 97 175 90 
> 96 167 85 
> 115 255 153 
> 114 255 150 
> 108 236 128 
> 109 243 132 
> 109 243 133 
> 109 243 132 
> 109 240 131 
> 109 241 131 
> 109 241 132 
> 109 241 131 
> 109 241 131 
> 109 241 131 
> 109 241 132 
> 109 241 132 
> 109 241 131 
> 109 241 132 
> 109 241 131 
> 109 241 131 
> 109 241 131 
> 109 241 131 
> 109 241 131 
> 109 241 131 
> 109 241 131 
> 109 241 131 
> 109 241 131 
> 109 241 131 
> 109 241 131 
> 109 241 131 
> 109 241 131 
> 109 241 131 
> 109 241 131 
> 109 241 131 
> 109 241 131 
> 109 241 131 
> 109 241 131 
> 109 241 131 
> 109 241 131 
> 109 241 131 
> 109 241 131 
> 109 241 131 
> 109 241 131 
> 109 241 131 
> 109 241 131 
> 109 241 131 
> 109 241 131 
> 109 241 131 
> 109 241 131 
> 109 241 131 
> 109 241 131 
> 109 241 131 
> 109 241 131 
> 109 241 131 
> 109 241 131 
> 109 241 131 
> 109 241 131 
> 109 241 131 
> 109 241 131 
> 109 241 131 
> 109 241 131 
> 109 241 131 
> 109 241 131 
> 109 241 131 
> 109 241 131 
> 109 241 131 
> 109 241 131 
> 109 241 131 
> 109 241 131 
> 109 241 131 
> 109 241 131 
> 109 241 131 
> 109 241 131 
> 109 241 131 
> 109 241 131 
> 109 241 131 
> 109 241 131 
> 109 241 131 
> 109 241 131 
> 109 241 131 
> 109 241 131 
> 109 241 131 
> 109 241 131 
> 109 241 131 
> 109 241 131 
> 109 241 131 
> 109 241 131 
> 109 241 131 
> 109 241 131 
> 109 241 131 
> 109 241 131 
> 109 241 131 
> 109 241 131 
> 109 241 131 
> 109 241 131 
> 109 241 131 
> 109 241 131 
> 109 241 131 
> 109 241 131 
> 109 241 131 
> 109 241 131 
> 109 241 131 
> 109 241 131 
> 109 241 131 
> 109 241 131 
> 109 241 131 
