[Parking_40_7381_KNN_data]
Labels : Orange Yellow Blue 
 
Features : h s v 
Orange ---------- 
> 130 111 155 
> 131 118 158 
> 132 137 167 
> 132 151 173 
> 132 156 171 
> 132 157 170 
> 132 160 181 
> 132 164 171 
> 133 139 173 
> 133 139 173 
> 133 139 173 
> 133 140 163 
> 133 143 167 
> 133 143 177 
> 133 143 180 
> 133 145 172 
> 133 145 174 
> 133 149 171 
> 133 150 168 
> 133 152 169 
> 134 134 171 
> 134 166 159 
> 135 119 156 
> 135 127 166 
> 132 143 169 
> 132 143 169 
> 132 142 168 
> 132 143 169 
> 132 142 169 
> 132 142 169 
> 132 142 169 
> 132 142 169 
> 132 142 169 
> 132 142 169 
> 132 142 169 
> 132 142 169 
> 132 142 169 
> 132 142 169 
> 132 142 169 
> 132 142 169 
Yellow ---------- 
> 110 143 139 
> 110 143 139 
> 110 143 139 
> 110 143 139 
> 110 143 139 
> 110 143 139 
> 110 143 139 
> 110 143 139 
> 110 143 139 
> 110 143 139 
> 110 145 140 
> 110 145 140 
> 110 145 140 
> 110 145 142 
> 110 149 139 
> 110 149 143 
> 110 150 138 
> 111 137 138 
> 111 139 139 
> 111 140 139 
> 111 140 140 
> 111 141 139 
> 111 141 140 
> 111 141 140 
> 109 139 137 
> 110 142 139 
> 110 144 140 
> 109 140 138 
> 110 146 140 
> 109 137 137 
> 111 148 141 
> 111 152 142 
> 109 139 138 
> 109 136 137 
> 108 133 135 
> 111 150 142 
> 110 143 139 
> 110 144 139 
> 110 142 139 
> 110 145 140 
Blue ---------- 
> 39 254 184 
> 39 254 184 
> 39 254 185 
> 39 254 185 
> 39 254 186 
> 39 254 186 
> 39 254 186 
> 39 254 186 
> 39 254 186 
> 39 254 186 
> 39 254 186 
> 39 254 186 
> 39 254 186 
> 39 254 186 
> 39 254 186 
> 39 254 186 
> 39 254 186 
> 39 254 187 
> 39 254 187 
> 39 254 188 
> 39 254 188 
> 39 254 185 
> 39 254 186 
> 39 254 186 
> 39 254 185 
> 39 254 185 
> 39 254 186 
> 39 254 186 
> 39 254 185 
> 39 254 185 
> 39 254 186 
> 39 254 185 
> 39 254 185 
> 39 254 185 
> 39 254 186 
> 39 254 186 
