[M2_7381_KNN_data]
Labels : Red Orange Yellow Green Blue Purple Black White 
 
Features : h s v 
Red ---------- 
> 144 210 221 
> 144 210 222 
> 144 210 222 
> 144 211 222 
> 144 211 222 
> 145 186 215 
> 145 191 223 
> 145 191 224 
> 145 202 208 
> 145 207 245 
> 145 212 232 
> 145 214 208 
> 145 218 231 
> 145 221 229 
> 145 226 211 
> 145 234 215 
> 145 236 213 
> 146 223 233 
> 145 233 237 
> 145 221 228 
> 145 223 229 
> 144 199 213 
> 145 226 232 
> 143 191 207 
> 143 186 204 
> 144 203 216 
> 144 208 219 
> 144 214 224 
> 144 217 225 
> 145 217 226 
Orange ---------- 
> 130 196 201 
> 130 196 201 
> 130 196 201 
> 130 196 201 
> 130 196 201 
> 130 196 201 
> 130 196 209 
> 130 197 202 
> 130 197 202 
> 130 197 202 
> 130 197 202 
> 130 198 210 
> 130 199 194 
> 130 200 203 
> 130 205 211 
> 130 210 189 
> 130 210 196 
> 130 215 189 
> 130 207 208 
> 130 199 200 
> 130 200 201 
> 130 199 200 
> 130 199 200 
> 130 199 200 
> 130 199 200 
> 130 199 200 
> 130 199 200 
> 130 199 200 
> 130 199 200 
> 130 199 200 
Yellow ---------- 
> 112 254 87 
> 112 254 133 
> 113 230 156 
> 113 233 136 
> 113 238 155 
> 113 241 159 
> 113 241 161 
> 113 241 164 
> 113 242 156 
> 113 245 152 
> 113 245 155 
> 113 245 165 
> 113 246 158 
> 113 246 167 
> 113 247 164 
> 113 252 155 
> 113 253 151 
> 113 253 175 
> 113 250 169 
> 112 234 123 
> 113 254 179 
> 112 237 133 
> 112 233 121 
> 112 238 134 
> 112 245 155 
> 112 243 149 
> 112 245 155 
> 112 244 152 
> 112 244 153 
> 112 244 152 
Green ---------- 
> 63 248 160 
> 63 252 146 
> 63 252 146 
> 63 253 147 
> 63 253 147 
> 63 253 147 
> 63 253 147 
> 63 253 147 
> 63 253 147 
> 63 253 147 
> 63 253 147 
> 63 253 147 
> 63 254 134 
> 63 254 154 
> 63 254 158 
> 64 246 161 
> 64 253 151 
> 64 254 138 
> 63 255 161 
> 63 251 146 
> 63 253 151 
> 63 252 148 
> 63 252 148 
> 63 252 148 
> 63 252 148 
> 63 252 148 
> 63 252 148 
> 63 252 148 
> 63 252 148 
> 63 252 148 
Blue ---------- 
> 39 251 201 
> 39 251 201 
> 39 251 201 
> 39 251 201 
> 39 252 201 
> 39 252 201 
> 39 252 201 
> 39 252 201 
> 39 252 201 
> 39 254 199 
> 39 254 200 
> 39 254 206 
> 39 254 208 
> 39 254 209 
> 40 250 182 
> 40 254 180 
> 40 254 199 
> 40 254 200 
> 40 255 213 
> 39 252 200 
> 39 252 201 
> 39 252 198 
> 39 252 201 
> 39 252 197 
> 39 252 199 
> 39 252 199 
> 39 252 200 
> 39 252 199 
> 39 252 199 
> 39 252 199 
Purple ---------- 
> 184 133 167 
> 184 134 170 
> 184 135 166 
> 184 136 166 
> 184 136 169 
> 184 137 170 
> 184 137 170 
> 184 137 170 
> 184 137 170 
> 184 137 170 
> 184 141 168 
> 184 141 173 
> 184 142 173 
> 184 142 176 
> 184 149 168 
> 185 139 181 
> 185 140 170 
> 185 140 176 
> 184 144 177 
> 183 132 164 
> 184 141 174 
> 184 143 175 
> 183 132 164 
> 183 127 159 
> 186 157 190 
> 186 163 196 
> 184 138 170 
> 184 138 170 
> 184 138 170 
> 184 138 170 
Black ---------- 
> 63 66 84 
> 64 44 103 
> 64 47 102 
> 64 51 86 
> 65 56 91 
> 65 57 92 
> 65 57 92 
> 65 57 92 
> 65 57 92 
> 65 57 92 
> 65 57 92 
> 65 59 89 
> 65 76 85 
> 66 61 96 
> 66 65 92 
> 66 82 122 
> 67 62 96 
> 67 64 98 
> 67 65 99 
> 68 57 87 
> 68 61 79 
> 68 67 101 
> 63 49 82 
> 64 52 85 
> 67 74 108 
> 64 52 85 
> 64 56 89 
> 64 56 89 
> 65 60 94 
> 65 60 93 
> 65 60 93 
> 65 60 93 
> 65 60 93 
> 65 60 93 
> 65 60 93 
> 65 60 93 
> 65 60 93 
White ---------- 
> 58 77 142 
> 59 51 137 
> 59 54 141 
> 59 54 141 
> 59 54 141 
> 59 54 141 
> 59 54 141 
> 59 54 141 
> 59 54 141 
> 59 54 141 
> 59 54 141 
> 59 54 141 
> 59 55 141 
> 59 55 142 
> 59 55 142 
> 59 55 142 
> 60 46 146 
> 60 46 146 
> 60 47 146 
> 60 47 146 
> 60 48 145 
> 60 48 145 
> 60 50 147 
> 61 46 127 
> 58 41 134 
> 60 62 148 
> 59 54 142 
> 59 55 143 
> 59 53 142 
> 59 52 141 
> 59 52 141 
> 59 52 141 
> 59 52 141 
> 59 52 141 
> 59 53 142 
> 59 52 141 
> 59 53 142 
> 59 53 142 
> 59 53 142 
