[Paking_50_8444_KNN_data]
Labels : Orange Blue Yellow 
 
Features : h s v 
Orange ---------- 
> 128 198 177 
> 128 198 177 
> 128 198 177 
> 128 198 177 
> 128 198 177 
> 128 198 177 
> 128 198 177 
> 128 198 177 
> 128 198 177 
> 128 198 177 
> 128 198 186 
> 128 199 177 
> 128 200 178 
> 128 201 187 
> 128 202 174 
> 128 202 175 
> 128 202 176 
> 128 203 184 
> 128 204 171 
> 128 204 173 
> 128 205 174 
> 128 206 170 
> 128 206 172 
> 128 207 178 
> 128 210 186 
> 128 211 173 
> 128 224 167 
> 128 203 177 
> 128 201 175 
> 128 201 176 
> 128 201 176 
> 128 203 177 
> 128 202 177 
> 128 201 176 
> 128 201 175 
> 128 204 178 
> 128 203 177 
> 128 203 177 
> 128 202 177 
> 128 202 176 
> 128 202 176 
> 128 202 176 
> 128 202 176 
> 128 202 176 
Blue ---------- 
> 39 248 180 
> 39 248 180 
> 39 248 180 
> 39 248 180 
> 39 248 180 
> 39 249 181 
> 39 250 182 
> 39 254 189 
> 39 254 189 
> 39 254 189 
> 39 254 190 
> 39 254 190 
> 39 254 190 
> 39 254 191 
> 39 254 192 
> 39 254 194 
> 40 253 167 
> 40 253 171 
> 40 253 184 
> 40 254 170 
> 40 254 172 
> 40 254 173 
> 40 254 176 
> 40 254 181 
> 40 254 183 
> 40 254 183 
> 40 254 184 
> 40 254 184 
> 39 252 181 
> 39 252 182 
> 39 252 182 
> 39 252 182 
> 39 252 182 
> 39 252 182 
> 39 252 182 
> 39 252 182 
> 39 252 181 
> 39 252 181 
> 39 252 181 
> 39 252 182 
> 39 252 182 
> 39 252 182 
> 39 252 182 
> 39 252 182 
> 39 252 182 
> 39 252 182 
> 39 252 182 
Yellow ---------- 
> 113 253 136 
> 113 253 136 
> 113 253 136 
> 113 253 136 
> 113 253 136 
> 113 253 136 
> 113 254 132 
> 113 254 133 
> 113 254 133 
> 113 254 134 
> 113 254 137 
> 114 254 135 
> 114 254 135 
> 114 254 135 
> 114 254 137 
> 114 254 137 
> 114 254 137 
> 114 254 137 
> 114 254 139 
> 114 254 139 
> 114 254 140 
> 114 254 140 
> 114 254 141 
> 115 253 141 
> 115 253 143 
> 115 254 137 
> 115 254 139 
> 113 253 135 
> 113 253 135 
> 113 253 135 
> 113 253 135 
> 114 253 138 
> 114 253 138 
> 113 253 137 
> 113 253 136 
> 113 253 136 
> 113 253 136 
> 113 253 136 
> 113 253 136 
> 113 253 136 
> 113 253 136 
> 113 253 136 
> 113 253 136 
> 113 253 136 
> 113 253 136 
