[Parking_150_8444_KNN_data]
Labels : Orange Blue Yellow 
 
Features : h s v 
Orange ---------- 
> 118 164 139 
> 118 164 139 
> 118 164 139 
> 118 164 139 
> 118 164 139 
> 118 164 139 
> 118 164 139 
> 118 164 139 
> 118 164 139 
> 118 164 139 
> 118 164 139 
> 118 164 139 
> 118 164 139 
> 118 164 139 
> 118 164 139 
> 118 164 139 
> 118 164 139 
> 118 164 139 
> 118 164 139 
> 118 164 139 
> 118 164 139 
> 118 164 139 
> 118 164 139 
> 118 164 139 
> 118 164 139 
> 118 164 139 
> 118 164 139 
> 118 164 146 
> 118 165 139 
> 118 168 135 
> 118 168 136 
> 118 169 135 
> 119 160 148 
> 119 163 144 
> 119 163 147 
> 119 163 148 
> 119 163 148 
> 119 164 141 
> 119 164 142 
> 119 164 145 
> 119 164 147 
> 119 165 141 
> 119 166 139 
> 119 166 151 
> 119 166 151 
> 119 166 151 
> 119 166 155 
> 119 167 136 
> 119 167 136 
> 119 167 137 
> 119 167 137 
> 119 167 137 
> 119 167 138 
> 119 167 138 
> 119 167 151 
> 119 167 151 
> 119 167 151 
> 119 167 151 
> 119 167 151 
> 119 167 151 
> 119 167 151 
> 119 167 151 
> 119 168 135 
> 119 168 135 
> 119 168 135 
> 119 168 135 
> 119 168 135 
> 119 168 135 
> 119 168 136 
> 119 168 136 
> 119 168 136 
> 119 168 136 
> 119 168 136 
> 119 168 136 
> 119 168 138 
> 119 168 151 
> 119 168 151 
> 119 169 133 
> 119 167 146 
> 119 167 145 
> 117 163 134 
> 118 164 137 
> 118 166 143 
> 118 164 138 
> 118 165 140 
> 118 165 140 
> 118 165 141 
> 118 165 140 
> 118 165 140 
> 118 165 140 
> 118 165 141 
> 118 165 141 
> 118 165 141 
> 118 165 141 
> 118 165 141 
> 118 165 141 
> 118 165 141 
> 118 165 141 
> 118 165 141 
> 118 165 141 
> 118 165 141 
> 118 165 141 
> 118 165 141 
> 118 165 141 
> 118 165 141 
> 118 165 141 
> 118 165 141 
> 118 165 141 
> 118 165 141 
> 118 165 141 
> 118 165 141 
> 118 165 141 
> 118 165 141 
> 118 165 141 
> 118 165 141 
> 118 165 141 
> 118 165 141 
> 118 165 141 
> 118 165 141 
> 118 165 141 
> 118 165 141 
> 118 165 141 
> 118 165 141 
> 118 165 141 
> 118 165 141 
> 118 165 141 
> 118 165 141 
> 118 165 141 
> 118 165 141 
Blue ---------- 
> 63 228 120 
> 63 228 120 
> 63 228 120 
> 63 228 120 
> 63 228 121 
> 63 229 116 
> 63 229 120 
> 63 229 120 
> 63 229 120 
> 63 229 120 
> 63 229 120 
> 63 229 120 
> 63 229 121 
> 63 230 116 
> 63 230 119 
> 63 230 120 
> 63 230 120 
> 63 230 120 
> 63 230 120 
> 63 230 120 
> 63 230 120 
> 63 230 121 
> 63 230 122 
> 63 231 119 
> 63 231 119 
> 63 231 119 
> 63 231 119 
> 63 231 119 
> 63 231 120 
> 63 231 120 
> 63 231 120 
> 63 231 121 
> 63 231 121 
> 63 231 121 
> 63 231 122 
> 63 231 122 
> 63 231 122 
> 63 232 120 
> 63 232 120 
> 63 232 121 
> 63 232 121 
> 63 232 121 
> 63 232 122 
> 63 232 122 
> 63 233 120 
> 63 233 121 
> 63 233 121 
> 63 233 122 
> 63 233 122 
> 63 233 122 
> 63 233 122 
> 63 234 122 
> 63 234 122 
> 63 235 122 
> 63 235 122 
> 63 235 123 
> 63 235 123 
> 63 236 108 
> 63 236 109 
> 63 236 109 
> 63 234 124 
> 63 232 121 
> 63 232 121 
> 63 232 122 
> 63 229 117 
> 63 232 122 
> 63 234 123 
> 63 229 117 
> 63 229 117 
> 63 230 118 
> 63 230 118 
> 63 228 116 
> 63 230 118 
> 63 231 120 
> 63 231 120 
> 63 231 119 
> 63 231 119 
> 63 231 120 
> 63 230 119 
> 63 231 120 
> 63 231 119 
> 63 231 120 
> 63 231 120 
> 63 231 119 
> 63 231 120 
> 63 231 119 
> 63 231 120 
> 63 230 119 
> 63 231 120 
> 63 231 120 
> 63 231 120 
> 63 231 119 
> 63 231 119 
> 63 231 119 
> 63 231 119 
> 63 231 119 
> 63 231 119 
> 63 231 119 
> 63 231 119 
> 63 231 119 
Yellow ---------- 
> 110 226 140 
> 110 226 140 
> 110 226 140 
> 110 226 140 
> 110 226 140 
> 110 226 140 
> 110 226 140 
> 110 226 140 
> 110 226 140 
> 110 226 140 
> 110 226 140 
> 110 226 140 
> 110 226 140 
> 110 226 140 
> 110 226 140 
> 110 226 140 
> 110 226 140 
> 110 226 140 
> 110 226 140 
> 110 226 140 
> 110 228 140 
> 110 228 140 
> 111 225 141 
> 111 225 141 
> 111 225 141 
> 111 225 141 
> 111 225 142 
> 111 226 140 
> 111 226 140 
> 111 226 140 
> 111 226 140 
> 111 226 140 
> 111 226 140 
> 111 226 140 
> 111 226 141 
> 111 226 141 
> 111 226 141 
> 111 226 141 
> 111 226 141 
> 111 226 141 
> 111 226 141 
> 111 226 141 
> 111 226 141 
> 111 226 141 
> 111 226 141 
> 111 226 141 
> 111 226 141 
> 111 226 141 
> 111 226 141 
> 111 226 141 
> 111 226 141 
> 111 226 141 
> 111 226 141 
> 111 226 141 
> 111 226 141 
> 111 226 141 
> 111 226 141 
> 110 225 139 
> 111 226 141 
> 109 225 139 
> 109 224 139 
> 112 227 142 
> 109 224 139 
> 110 226 140 
> 110 226 140 
> 109 225 139 
> 109 224 139 
> 110 226 140 
> 110 225 140 
> 110 225 140 
> 110 226 140 
> 110 225 140 
> 110 226 140 
> 110 226 140 
> 110 226 140 
> 110 225 140 
> 110 225 140 
> 110 225 140 
> 110 225 140 
> 110 225 140 
> 110 225 140 
> 110 225 140 
> 110 225 140 
> 110 225 140 
> 110 225 140 
> 110 225 140 
> 110 225 140 
> 110 225 140 
> 110 225 140 
> 110 225 140 
> 110 225 140 
> 110 225 140 
> 110 225 140 
> 110 225 140 
> 110 225 140 
> 110 225 140 
